0
0
0
0
0
0
0.841
99.915
303.934
503.592
650.515
736.481
751.795
693.763
569.146
390.139
180.677
17.43
0
0
0
0
0
0
0
0
0
0
0
0
0.876
91.942
273.332
476.494
646.098
740.629
756.426
695.643
571.57
392.403
182.837
17.968
0
0
0
0
0
0
0
0
0
0
0
0
0.906
98.862
304.621
499.724
649.601
736.77
753.161
699.005
575.339
396.664
186.113
18.637
0
0
0
0
0
0
0
0
0
0
0
0
1.006
108.029
322.193
520.796
674.812
761.043
774.979
717.682
589.915
405.854
189.751
18.824
0
0
0
0
0
0
0
0
0
0
0
0
0.926
93.884
294.593
486.981
637.916
725.72
742.718
691.353
568.453
390.433
181.689
18.264
0
0
0
0
0
0
0
0
0
0
0
0
0.998
97.558
299.439
493.547
634.721
717.378
730.115
662.105
537.653
360.523
160.144
15.385
0
0
0
0
0
0
0
0
0
0
0
0
1.036
95.739
299.909
495.945
652.78
740.263
756.936
699.982
575.415
395.824
185.238
19.056
0
0
0
0
0
0
0
0
0
0
0
0
1.088
99.911
305.501
503.084
655.845
743.432
759.857
704.46
579.67
398.544
186.667
19.664
0
0
0
0
0
0
0
0
0
0
0
0
1.334
101.719
312.378
513.494
667.322
755.591
771.341
714.642
589.621
409.086
195.108
21.064
0
0
0
0
0
0
0
0
0
0
0
0
1.401
104.732
310.979
502.194
651.089
739.65
753.557
700.736
576.345
400.25
188.648
19.762
0
0
0
0
0
0
0
0
0
0
0
0
1.453
113.19
332.294
534.414
690.308
782.81
797.076
713.928
587.015
402.348
185.685
18.717
0
0
0
0
0
0
0
0
0
0
0
0
1.514
106.848
315.962
517.312
667.447
753.042
769.718
713.543
589.674
409.864
196.59
19.608
0
0
0
0
0
0
0
0
0
0
0
0
1.612
108.259
318.477
518.483
671.477
758.408
773.625
711.835
584.878
402.732
190.074
20.623
0
0
0
0
0
0
0
0
0
0
0
0
1.557
82.812
253.391
466.536
650.873
745.233
760.992
696.654
568.427
377.296
174.016
19.92
0
0
0
0
0
0
0
0
0
0
0
0
1.737
104.422
306.458
497.585
651.062
748.19
765.417
709.702
580.911
401.508
190.633
21.716
0
0
0
0
0
0
0
0
0
0
0
0
1.952
111.646
324.214
521.298
671.557
758.532
773.789
717.115
592.437
411.015
200.279
23.976
0
0
0
0
0
0
0
0
0
0
0
0
2.15
120.018
333.545
534.724
683.834
770.992
785.829
725.682
598.245
414.855
199.38
23.837
0
0
0
0
0
0
0
0
0
0
0
0
2.107
105.783
307.943
497.537
655.318
745.208
762.082
711.308
585.765
404.451
192.755
22.828
0
0
0
0
0
0
0
0
0
0
0
0
2.041
100.538
299.825
496.03
647.126
733.306
745.104
687.09
550.506
360.424
155.789
17.639
0
0
0
0
0
0
0
0
0
0
0
0
2.161
97.78
302.697
510.091
656.948
758.352
785.6
731.45
607.546
420.303
198.392
23.223
0
0
0
0
0
0
0
0
0
0
0
0
2.789
129.004
353.603
559.068
716.186
805.44
820.359
757.765
626.239
436.852
213.161
26.66
0
0
0
0
0
0
0
0
0
0
0
0
2.718
123.226
344.041
549.397
706.537
795.427
811.487
753.434
621.391
432.266
210.151
26.612
0
0
0
0
0
0
0
0
0
0
0
0
2.858
118.935
335.106
537.919
694.682
783.356
797.986
739.343
608.945
421.631
203.2
25.998
0
0
0
0
0
0
0
0
0
0
0
0
2.832
107.446
313.34
514.072
665.815
756.826
773.736
715.053
585.104
399.582
186.934
23.694
0
0
0
0
0
0
0
0
0
0
0
0
3.124
115.169
325.733
525.862
680.833
769.682
785.164
721.558
591.96
407.51
194.533
25.425
0
0
0
0
0
0
0
0
0
0
0
0
3.229
112.842
320.156
520.021
676.563
767.195
783.643
724.704
597.278
412.858
198.777
26.525
0
0
0
0
0
0
0
0
0
0
0
0
3.64
120.282
328.836
535.435
683.829
772.756
788.963
723.377
593.989
408.738
194.77
26.126
0
0
0
0
0
0
0
0
0
0
0
0
3.73
121.259
334.883
537.505
692.532
782.623
798.666
734.684
604.885
417.9
201.922
27.444
0
0
0
0
0
0
0
0
0
0
0
0
4.569
138.568
362.152
567.687
717.596
806.95
821.311
759.83
630.913
444.236
220.638
32.709
0
0
0
0
0
0
0
0
0
0
0
0
4.312
119.58
328.584
544.687
698.786
785.767
798.904
736.496
605.007
417.865
204.653
29.705
0
0
0
0
0
0
0
0
0
0
0
0
4.105
109.352
309.523
510.332
661.052
751.513
769.096
697.501
569.567
384.161
178.353
25.659
0
0
0
0
0
0
0
0
0
0
0
0
4.954
129.289
351.256
557.093
712.982
801.272
817.873
760.35
632.416
444.053
223.567
35.237
0
0
0
0
0
0
0
0
0
0
0
0
5.462
131.774
344.986
546.37
700.492
794.707
808.117
746.364
614.622
426.241
209.519
31.259
0
0
0
0
0
0
0
0
0
0
0
0
5.111
123.859
341.49
544.089
696.909
785.47
800.843
738.599
609.593
422.772
207.055
28.135
0
0
0
0
0
0
0
0
0
0
0
0
5.442
104.574
289.122
509.294
660.29
734.305
735.729
660.913
526.336
345.206
141.048
22.848
0
0
0
0
0
0
0
0
0
0
0
0
5.78
126.248
340.634
543.234
689.08
774.099
781.253
726.272
598.75
409.14
197.128
30.288
0
0
0
0
0
0
0
0
0
0
0
0
5.943
127.961
361.445
576.25
724.144
828.29
853.023
796.296
665.796
475.154
246.982
41.757
0
0
0
0
0
0
0
0
0
0
0
0
8.376
168.433
409.631
624.099
784.632
876.478
891.915
826.233
689.187
492.049
258.069
45.594
0
0
0
0
0
0
0
0
0
0
0
0
9.12
171.58
410.845
625.484
787.011
880.8
896.094
829.696
693.723
496.833
262.356
47.343
0
0
0
0
0
0
0
0
0
0
0
0
9.575
171.035
408.157
618.12
775.927
866.715
881.354
815.686
681.537
488.653
258.722
47.309
0
0
0
0
0
0
0
0
0
0
0
0
9.568
166.01
396.578
603.008
760.397
850.395
865.738
800.558
669.304
479.606
253.453
46.694
0
0
0
0
0
0
0
0
0
0
0
0
9.613
166.545
398.568
606.846
762.623
852.475
866.551
802.069
666.519
471.321
241.877
42.103
0
0
0
0
0
0
0
0
0
0
0
0
9.7
159.342
381.054
579.319
713.63
794.746
798.999
728.313
605.546
407.494
186.697
24.588
0
0
0
0
0
0
0
0
0
0
0
0
11.415
183.007
430.219
649.218
807.479
902.002
917.17
847.513
709.473
510.299
272.394
52.726
0
0
0
0
0
0
0
0
0
0
0
0
12.267
182.207
419.295
634.123
784.081
875.996
890.069
822.444
688.347
494.903
264.799
52.344
0
0
0
0
0
0
0
0
0
0
0
0
12.217
178.285
413.153
625.406
780.866
871.33
891.928
823.887
692.774
500.112
269.808
54.176
0
0
0
0
0
0
0
0
0
0
0
0
11.802
173.052
406.178
615.986
767.659
860.227
876.868
813.777
676.94
482.607
259.561
53.06
0
0
0
0
0
0
0
0
0
0
0
0
12.585
169.66
399.787
599.734
752.095
839.268
858.733
794.402
658.923
465.978
238.132
44.297
0
0
0
0
0
0
0
0
0
0
0
0
10.528
137.151
336.94
542.513
727.432
818.894
825.193
768.433
635.637
446.727
229.305
44.693
0
0
0
0
0
0
0
0
0
0
0
0
11.349
125.608
257.164
390.845
554.731
692.838
769.668
723.79
573.312
383.782
185.689
38.189
0
0
0
0
0
0
0
0
0
0
0
0
11.685
150.324
376.393
595.678
768.701
869.27
887.992
826.513
689.532
491.042
258.56
52.889
0
0
0
0
0
0
0
0
0
0
0
0
14.925
187.136
427.22
643.215
801.468
897.684
916.405
845.923
713.247
519.188
286.739
64.858
0
0
0
0
0
0
0
0
0
0
0
0
10.759
64.131
150.251
258.42
454.497
795.519
812.844
592.671
573.857
478.513
256.082
54.766
0
0
0
0
0
0
0
0
0
0
0
0
7.872
87.665
243.332
459.012
578.046
677.343
711.882
499.823
375.548
275.086
188.509
41.098
0
0
0
0
0
0
0
0
0
0
0
0
14.483
162.045
357.797
527.007
662.431
783.316
860.137
815.105
682.297
490.554
264.197
58.311
0
0
0
0
0
0
0
0
0
0
0
0
16.391
174.704
399.109
589.676
726.64
813.161
855.205
802.077
671.973
472.743
249.358
53.361
0
0
0
0
0
0
0
0
0
0
0
0
20.478
211.112
467.918
695.198
863.631
958.868
972.682
905.307
760.928
551.646
302.592
70.434
0
0
0
0
0
0
0
0
0
0
0
0
22.185
208.181
444.088
654.832
815.509
904.565
915.248
843.665
712.265
517.194
285.74
68.136
0
0
0
0
0
0
0
0
0
0
0
0
18.945
183.048
408.799
615.361
771.267
857.898
865.547
796.494
653.605
455.08
233.875
51.58
0.001
0
0
0
0
0
0
0
0
0
0
0
17.615
170.15
397.788
593.116
738.681
818.242
812.559
705.085
532.439
341.907
165.016
37.758
0.002
0
0
0
0
0
0
0
0
0
0
0
17.368
170.238
397.629
608.266
755.097
848.002
866.035
763.236
653.194
468.592
247.849
57.301
0.006
0
0
0
0
0
0
0
0
0
0
0
26.2
223.01
467.6
684.381
844.235
937.971
951.643
886.942
744.432
539.655
298.18
72.912
0.016
0
0
0
0
0
0
0
0
0
0
0
24.717
214.846
460.042
679.859
827.178
928.576
948.825
885.37
746.022
543.622
302.686
76.057
0.025
0
0
0
0
0
0
0
0
0
0
0
26.275
221.911
471.496
694.705
863.81
962.216
980.642
916.099
776.439
573.491
328.63
88.354
0.047
0
0
0
0
0
0
0
0
0
0
0
27.932
219.608
456.061
665.491
815.266
905.842
918.983
854.063
713.685
515.216
283.486
72.489
0.069
0
0
0
0
0
0
0
0
0
0
0
22.805
187.075
413.185
621.861
777.722
864.138
872.496
746.289
586.558
442.811
253.317
69.758
0.097
0
0
0
0
0
0
0
0
0
0
0
28.861
225.582
472.825
691.471
853.738
948.671
966.303
900.087
763.292
563.785
322.979
84
0.132
0
0
0
0
0
0
0
0
0
0
0
26.482
199.057
412.572
606.858
743.793
830.58
854.413
803.422
677.476
532.882
320.858
93.472
0.203
0
0
0
0
0
0
0
0
0
0
0
30.56
238.639
500.924
727.583
889.957
983.303
997.358
925.734
785.624
581.763
336.245
95.512
0.27
0
0
0
0
0
0
0
0
0
0
0
37.272
255.794
511.41
735.99
905.265
1001.769
1019.963
957.996
819.577
609.768
341.342
100.901
0.335
0
0
0
0
0
0
0
0
0
0
0
29.278
194.721
326.515
417.222
596.698
825.12
945.516
893.92
764.454
560.57
315.111
85.918
0.396
0
0
0
0
0
0
0
0
0
0
0
43.731
271.22
526.887
749.502
914.317
1007.687
1021.284
953.851
811.348
605.748
358.214
109.616
0.553
0
0
0
0
0
0
0
0
0
0
0
39.936
256.116
506.633
726.625
890.737
984.122
998.543
934.077
794.728
592.795
349.733
106.634
0.613
0
0
0
0
0
0
0
0
0
0
0
39.532
248.929
492.504
706.262
865.214
956.094
968.563
901.661
762.006
562.776
325.943
96.567
0.693
0
0
0
0
0
0
0
0
0
0
0
36.126
226.393
447.009
594.563
669.124
759.148
821.375
749.724
612.053
447.374
258.276
74.578
0.635
0
0
0
0
0
0
0
0
0
0
0
36.281
230.28
468.917
683.223
840.435
931.575
945.227
874.809
733.771
533.264
295.162
81.423
0.786
0
0
0
0
0
0
0
0
0
0
0
30.674
189.948
398.016
600.205
760.06
868.13
875.803
796.702
640.989
461.395
271.391
86.7
1.029
0
0
0
0
0
0
0
0
0
0
0
49.54
280.618
537.387
759.538
924.29
1016.812
1029.152
957.943
813.936
604.024
351.858
107.119
1.237
0
0
0
0
0
0
0
0
0
0
0
46.901
263.757
508.841
724.345
868.393
950.915
943.948
867.648
733.651
527.86
294.358
90.253
1.272
0
0
0
0
0
0
0
0
0
0
0
44.621
254.321
497.346
710.024
869.203
959.6
972.994
893.217
756.859
557.595
325.938
100.904
1.584
0
0
0
0
0
0
0
0
0
0
0
37.041
192.683
370.107
548.072
716.057
755.664
794.588
773.221
631.801
429.989
271.468
89.202
1.507
0
0
0
0
0
0
0
0
0
0
0
37.646
176.721
324.382
406.17
494.596
577.602
625.012
491.478
449.835
400.081
280.783
93.483
1.702
0
0
0
0
0
0
0
0
0
0
0
38.203
235.981
492.871
711.937
872.986
960.488
964.831
851.289
514.646
312.3
182.221
80.437
1.633
0
0
0
0
0
0
0
0
0
0
0
45.336
239.352
495.855
715.375
873.519
966.454
980.572
898.195
740.98
527.929
280.709
85.192
2.129
0
0
0
0
0
0
0
0
0
0
0
45.993
208.508
467.549
734.811
901.735
991.868
1003.288
924.642
748.799
527.662
311.322
108.106
2.751
0
0
0
0
0
0
0
0
0
0
0
44.252
211.295
453.585
684.609
880.646
977.293
998.519
950.823
813.086
608.382
325.773
95.223
2.937
0
0
0
0
0
0
0
0
0
0
0
56.832
273.448
510.908
662.949
636.95
588.615
537.41
553.59
491.473
334.507
151.876
52.73
2.148
0
0
0
0
0
0
0
0
0
0
0
51.752
259.641
498.995
711.454
872.992
928.418
911.233
828.94
728.603
502.163
316.261
117.959
3.426
0
0
0
0
0
0
0
0
0
0
0
56.5
272.299
515.808
731.293
893.247
986.092
1001.151
899.356
759.55
563.025
350.819
124.417
3.869
0
0
0
0
0
0
0
0
0
0
0
59.366
280.042
526.904
745.222
908.357
1002.679
1019.712
959.182
822.384
623.157
382.3
137.265
4.294
0
0
0
0
0
0
0
0
0
0
0
67.032
297.095
545.872
763.291
924.264
1016.274
1029.93
960.908
817.669
612.154
367.736
128.12
4.474
0
0
0
0
0
0
0
0
0
0
0
69.531
299.106
521.877
681.865
721.817
764.614
862.229
907.253
808.885
611.443
384.43
143.175
5.22
0
0
0
0
0
0
0
0
0
0
0
27
121.101
285.692
602.528
885.677
999.214
1012.685
944.937
811.117
600.458
341.941
115.336
4.849
0
0
0
0
0
0
0
0
0
0
0
64.508
275.573
507.675
719.483
906.724
1003.437
970.435
793.383
591.575
461.288
303.803
121.749
6.023
0
0
0
0
0
0
0
0
0
0
0
50.865
213.007
421.284
629.783
799.292
863.505
797.012
659.355
518.052
379.323
230.578
88.969
5.17
0
0
0
0
0
0
0
0
0
0
0
54.71
226.985
448.699
701.016
903.698
986.035
985.932
926.414
755.834
528.448
302.208
113.315
6.321
0
0
0
0
0
0
0
0
0
0
0.001
49.099
204.015
401.374
587.308
764.796
905.673
935.974
836.187
665.23
474.635
278.731
105.088
6.157
0
0
0
0
0
0
0
0
0
0
0.004
60.632
199.148
366.625
600.081
833.366
964.269
984.105
908.659
757.812
565.715
336.571
116.07
5.869
0
0
0
0
0
0
0
0
0
0
0.008
60.025
259.495
494.539
707.406
868.991
959.451
973.357
915.096
769.979
557.523
336.648
123.543
6.607
0
0
0
0
0
0
0
0
0
0
0.014
66.189
271.372
499.621
721.438
869.544
966.255
980.336
834.743
603.388
363.634
166.594
52.86
4.042
0
0
0
0
0
0
0
0
0
0
0.024
72.162
271.267
478.883
700.861
852.846
933.336
910.195
853.849
701.177
511.224
311.753
100.452
5.441
0
0
0
0
0
0
0
0
0
0
0.041
71.42
265.529
462.157
592.659
661.352
633.808
507.21
362.551
301.833
232.987
180.664
107.823
7.66
0
0
0
0
0
0
0
0
0
0
0.015
44.369
199.053
253.178
216.009
254.316
346.229
350.347
266.636
262.033
335.029
198.321
58.397
4.118
0
0
0
0
0
0
0
0
0
0
0.055
40.916
195.393
400.649
592.767
718.942
768.151
779.394
758.722
674.459
518.707
325.105
132.265
9.144
0
0
0
0
0
0
0
0
0
0
0.133
85.315
321.629
575.405
794.959
955.155
1044.377
1057.126
992.276
857.255
660.905
422.582
174.603
11.788
0
0
0
0
0
0
0
0
0
0
0.186
92.907
335.087
590.175
812.015
977.151
1070.575
1085.824
1022.528
884.894
684.743
441.644
186.682
13.289
0
0
0
0
0
0
0
0
0
0
0.243
96.184
335.634
586.811
804.472
966.796
1059.351
1075.003
1011.427
875.01
677.191
436.777
184.58
13.48
0
0
0
0
0
0
0
0
0
0
0.284
92.758
326.178
571.391
784.712
944.86
1034.759
1049.392
988.197
854.302
660.353
425.015
179.489
13.423
0
0
0
0
0
0
0
0
0
0
0.344
94.086
326.132
569.167
780.276
939.311
1028.286
1042.247
978.503
844.771
651.304
417.395
174.882
13.192
0
0
0
0
0
0
0
0
0
0
0.41
94.768
325.565
567.125
777.232
935.929
1026.493
1042.47
980.899
848.637
656.192
422.383
178.729
14.014
0
0
0
0
0
0
0
0
0
0
0.485
91.586
317.022
556.37
765.65
916.933
1006.485
1020.861
960.506
828.215
637.194
407.338
170.682
13.803
0
0
0
0
0
0
0
0
0
0
0.568
94.399
323.076
563.413
772.582
928.654
1017.358
1031.677
969.42
834.207
637.059
411.024
175.313
14.544
0
0
0
0
0
0
0
0
0
0
0.599
81.704
280.383
502.165
697.771
843.197
927.45
945.142
895.469
772.72
597.009
384.655
163.284
14.219
0
0
0
0
0
0
0
0
0
0
0.675
79.068
284.896
527.919
738.519
895.986
987.239
1002.372
960.253
822.343
623.67
386.996
154.059
13.221
0
0
0
0
0
0
0
0
0
0
0.859
97.653
324.677
566.252
776.109
934.862
1025.785
1026.274
946.719
801.859
608.546
385.321
162.056
15.202
0
0
0
0
0
0
0
0
0
0
0.995
94.307
317.135
556.662
768.505
924.965
1018.991
1039.666
968.697
840.432
650.365
417.937
177.17
16.5
0
0
0
0
0
0
0
0
0
0
1.159
97.115
320.512
558.268
766.776
913.3
1004.379
1020.528
954.55
823.026
632.676
403.603
170.637
16.435
0
0
0
0
0
0
0
0
0
0
1.203
92.054
309.432
546.677
756.869
917.321
1008.151
1023.68
962.671
830.364
638.463
408.222
173.592
16.913
0
0
0
0
0
0
0
0
0
0
1.397
99.573
322.317
559.944
769.124
926.071
1015.903
1029.003
966.95
829.613
632.145
397.516
165.54
16.715
0
0
0
0
0
0
0
0
0
0
1.48
92.392
305.003
539.465
749.996
905.359
1001.274
1019.597
958.206
822.982
628.49
398.014
168.245
17.479
0
0
0
0
0
0
0
0
0
0
1.657
98.307
323.096
565.736
778.225
936.405
1026.274
1040.582
978.537
840.57
636.771
393.676
159.122
16.676
0
0
0
0
0
0
0
0
0
0
2.082
121.254
359.216
600.757
810.137
964.986
1055.877
1072.312
1012.718
879.71
684.216
444.938
194.747
20.633
0
0
0
0
0
0
0
0
0
0
2.161
114.954
348.344
589.278
798.275
953.719
1042.754
1057.101
997.274
865.12
673.494
441.401
199.125
22.631
0
0
0
0
0
0
0
0
0
0
2.289
111.572
341.292
581.264
790.059
943.666
1030.885
1044.213
983.043
851.27
661.052
431.229
192.902
22.084
0
0
0
0
0
0
0
0
0
0
2.642
122.02
355.809
594.024
799.596
950.075
1035.504
1047.955
986.392
855.641
666.704
438.034
198.962
23.335
0
0
0
0
0
0
0
0
0
0
2.532
107.767
327.232
559.069
765.269
932.735
1019.135
1032.619
978.941
845.428
652.42
419.974
182.714
21.138
0
0
0
0
0
0
0
0
0
0
2.607
105.678
330.246
570.011
778.984
936.182
1023.977
1036.134
976.481
839.916
644.519
410.471
175.668
20.545
0
0
0
0
0
0
0
0
0
0
2.943
111.363
336.009
571.729
778.143
933.134
1022.244
1036.992
978.77
848.113
659.164
431.01
194.98
24.268
0
0
0
0
0
0
0
0
0
0
3.172
113.807
337.229
570.83
774.223
924.723
1012.331
1025.627
965.401
836.257
649.501
424.329
192.134
24.404
0
0
0
0
0
0
0
0
0
0
3.067
103.635
316.982
547.538
751.268
903.305
989.681
1002.844
942.428
814.084
628.792
406.197
180.378
22.698
0
0
0
0
0
0
0
0
0
0
3.142
93.965
295.439
523.781
723.414
877.552
964.482
979.201
912.437
786.188
603.644
386.206
169.277
22.349
0
0
0
0
0
0
0
0
0
0
3.792
105.746
317.959
560.985
767.051
870.313
910.245
906.423
878.363
800.224
627.365
412.781
181.752
23.431
0
0
0
0
0
0
0
0
0
0
3.329
90.15
262.507
478.06
717.278
869.428
948.73
964.089
910.692
779.664
602.177
400.027
178.372
23.358
0
0
0
0
0
0
0
0
0
0
3.775
108.536
324.425
557.541
763.171
916.365
1000.322
1009.435
936.658
807.947
622.939
400.148
175.895
23.556
0
0
0
0
0
0
0
0
0
0
3.896
102.053
305.295
526.96
724.542
855.068
879.547
869.969
837.559
759.418
592.33
381.739
163.623
22.171
0
0
0
0
0
0
0
0
0
0
4.315
113.694
331.201
561.587
762.607
925.117
1009.755
1022.725
961.589
831.834
644.057
418.614
188.987
26.269
0
0
0
0
0
0
0
0
0
0
4.628
115.469
326.163
547.979
750.923
910.733
1000.315
1011.686
963.701
832.884
646.117
422.879
194.553
28.054
0
0
0
0
0
0
0
0
0
0
4.31
92.197
253.697
481.268
681.377
833.529
901.695
915.05
861.934
753.418
577.568
361.218
129.899
15.757
0
0
0
0
0
0
0
0
0
0
3.91
82.85
233.02
378.767
535.13
651.338
702.534
597.107
474.866
338.283
281.412
225.369
109.77
16.418
0
0
0
0
0
0
0
0
0
0
3.983
72.294
229.893
499.509
613.862
661.308
744.668
808.071
817.749
736.497
581.976
383.328
173.016
25.685
0
0
0
0
0
0
0
0
0
0
3.899
83.957
262.575
460.824
646.681
828.321
917.552
945.797
883.132
628.78
360.589
167.03
63.468
11.5
0
0
0
0
0
0
0
0
0
0
5.237
113.952
313.905
528.472
732.777
900.99
962.046
929.764
860.827
769.44
614.816
397.468
174.252
27.77
0
0
0
0
0
0
0
0
0
0
5.946
125.048
347.505
574.444
766.999
920.981
1008.43
1020.268
949.382
802.004
595.438
364.213
153.882
24.221
0
0
0
0
0
0
0
0
0
0
5.949
98.525
252.685
440.057
650.752
854.66
962.721
971.096
842.887
629.92
438.445
291.918
155.987
29.255
0
0
0
0
0
0
0
0
0
0
6.456
131.195
352.651
580.597
779.724
930.133
1015.749
1030.605
973.387
849.124
668.537
448.839
217.614
35.283
0
0
0
0
0
0
0
0
0
0
6.18
101.552
255.776
424.362
605.364
781.626
900.163
958.168
934.832
827.359
653.132
438.311
208.295
33.356
0
0
0
0
0
0
0
0
0
0
7.206
138.334
361.09
588.991
786.19
933.804
1018.653
1033.282
978.85
854.907
675.357
456.89
225.194
37.664
0
0
0
0
0
0
0
0
0
0
7.596
140.1
362.347
579.956
771.571
925.195
1015.632
1032.182
976.379
853.239
672.638
448.403
215.058
37.469
0
0
0
0
0
0
0
0
0
0
7.412
131.73
347.573
558.034
749.888
905.819
995.441
1009.193
950.866
827.858
653.851
444.606
220.748
38.269
0
0
0
0
0
0
0
0
0
0
7.095
124.118
332.487
557.096
758.623
910.927
995.083
1005.178
942.313
810.825
628.675
412.894
196.218
34.154
0
0
0
0
0
0
0
0
0
0
7.665
132.115
349.624
574.426
770.39
917.281
999.45
1011.102
956.408
825.207
643.037
427.465
206.771
36.223
0
0
0
0
0
0
0
0
0
0
7.131
114.297
311.359
531.133
729.044
878.681
966.506
983.743
924.484
794.813
634.908
431.108
202.663
34.459
0
0
0
0
0
0
0
0
0
0
4.904
84.165
257.14
496.932
743.509
916.734
1005.3
1014.037
929.428
772.352
533.61
327.78
153.11
27.247
0
0
0
0
0
0
0
0
0
0
7.666
125.51
339.323
584.835
788.7
938.289
1020.302
1029.397
967.14
838.147
657.904
435.196
209.344
36.311
0
0
0
0
0
0
0
0
0
0
8.245
132.295
346.016
551.056
748.344
911.911
997.757
1011.358
950.828
827.515
649.211
433.671
209.297
36.493
0
0
0
0
0
0
0
0
0
0
8.391
126.286
317.258
530.905
729.631
894.785
988.441
1004.992
952.284
835.078
661.072
447.204
221.309
39.027
0
0
0
0
0
0
0
0
0
0
8.142
134.841
332.98
513.354
696.724
824.198
894.897
883.45
826.943
739.909
578.645
355.411
148.932
26.352
0
0
0
0
0
0
0
0
0
0
8.403
128.403
333.258
546.621
724.901
846.236
918.1
939.292
893.149
768.221
599.773
414.26
215.559
39.018
0
0
0
0
0
0
0
0
0
0
8.671
133.194
345.964
564.732
756.821
906.752
989.697
1003.454
947.809
826.101
649.164
434.576
206.651
35.618
0
0
0
0
0
0
0
0
0
0
8.913
132.716
344.515
564.839
758.421
903.913
987.897
1002.934
951.861
831.021
652.141
434.839
203.636
34.57
0
0
0
0
0
0
0
0
0
0
8.77
128.927
339.623
562.844
760.479
919.681
1004.536
1019.874
963.219
835.205
653.122
429.227
198.976
34.7
0
0
0
0
0
0
0
0
0
0
8.647
122.435
328.335
549.468
745.811
892.764
976.644
989.44
927.664
789.778
575.534
358.248
159.152
29.001
0
0
0
0
0
0
0
0
0
0
8.517
120.608
325.859
547.555
744.925
893.825
981.617
998.556
935.336
808.421
623.448
401.952
187.259
35.18
0
0
0
0
0
0
0
0
0
0
9.122
123.093
320.724
536.327
736.42
895.822
990.59
1012.005
959.694
837.598
658.95
443.3
218.627
41.034
0
0
0
0
0
0
0
0
0
0
9.836
142.684
363.851
589.809
785.809
929.192
1012.254
1025.037
966.755
839.824
659.297
439.501
213.664
39.539
0
0
0
0
0
0
0
0
0
0
9.01
116.781
308.123
520.842
714.893
860.153
936.821
941.681
875.791
747.02
580.224
389.371
193.263
37.095
0
0
0
0
0
0
0
0
0
0
8.765
114.37
300.687
501.48
692.844
836.11
838.155
698.916
586.54
514.225
387.573
262.057
128.11
25.326
0
0
0
0
0
0
0
0
0
0
5.267
73.111
210.258
421.675
627.146
809.72
917.519
932.592
862.276
759.664
608.346
397.991
187.411
36.448
0
0
0
0
0
0
0
0
0
0
9.136
124.987
334.739
560.193
756.59
904.783
994.532
1013.029
963.74
835.616
636.141
392.494
171.973
31.663
0
0
0
0
0
0
0
0
0
0
8.834
119.948
320.878
550.79
754.663
911.705
1002.069
1022.402
966.698
839.868
655.168
432.035
203.515
35.59
0
0
0
0
0
0
0
0
0
0
9.744
135.976
351.752
575.907
771.768
919.398
1002.596
1015.419
959.283
834.17
653.799
437.3
213.441
39.261
0
0
0
0
0
0
0
0
0
0
8.063
104.411
285.552
493.202
684.754
864.513
959.275
984.322
943.169
826.965
655.863
443.356
219.2
41.305
0
0
0
0
0
0
0
0
0
0
8.901
127.514
336.814
558.492
754.993
899.748
986.565
1003.057
944.805
822.959
646.265
431.239
206.868
38.525
0
0
0
0
0
0
0
0
0
0
8.57
120.336
319.064
533.69
726.61
877.788
964.068
979.881
929.366
804.939
629.014
413.051
192.3
33.306
0
0
0
0
0
0
0
0
0
0
8.319
115.347
306.808
512.485
703.007
852.453
932.287
939.144
875.636
757.932
591.301
392.423
188.626
33.632
0
0
0
0
0
0
0
0
0
0
9.143
120.39
313.136
524.767
717.041
867.554
961.297
981.696
919.811
797.767
620.436
405.585
191.067
34.22
0
0
0
0
0
0
0
0
0
0
9.444
138.462
359.449
581.263
773.557
913.816
993.652
1005.571
947.936
824.966
645.612
427.637
202.091
36.816
0
0
0
0
0
0
0
0
0
0
9.393
127.653
334.971
555.879
751.594
900.873
986.202
998.605
941.108
818.412
642.07
429.265
208.811
37.691
0
0
0
0
0
0
0
0
0
0
8.211
115.146
306.28
512.417
696.687
833.858
909.56
919.469
873.603
750.559
579.518
378.107
179.826
34.332
0
0
0
0
0
0
0
0
0
0
7.992
113.292
307.515
517.948
704.422
846.556
926.268
938.663
894.315
772.168
598.208
391.591
184.446
33.123
0
0
0
0
0
0
0
0
0
0
8.671
124.083
331.673
551.637
743.228
889.339
967.402
978.72
933.628
814.54
641.46
431.833
213.598
40.202
0
0
0
0
0
0
0
0
0
0
9.405
143.755
367.682
594.852
789.16
930.501
1016.836
1029.773
974.413
851.366
672.427
455.442
226.824
41.915
0
0
0
0
0
0
0
0
0
0
9.689
145.498
369.682
593.918
785.786
928.787
1007.882
1018.006
956.749
828.834
647.33
430.725
207.457
37.385
0
0
0
0
0
0
0
0
0
0
8.306
120.291
318.423
510.812
662.638
810.642
938.914
977.558
936.161
815.793
639.56
421.586
194.925
34.163
0
0
0
0
0
0
0
0
0
0
8.474
120.397
316.543
527.012
723.52
866.392
937.413
936.514
864.393
765.893
611.251
407.736
192.855
34.103
0
0
0
0
0
0
0
0
0
0
8.03
105.532
275.26
464.998
653.385
815.131
922.584
951.669
890.648
756.974
577.682
377.418
179.49
32.525
0
0
0
0
0
0
0
0
0
0
7.877
111.202
307.017
525.377
721.357
873.523
958.587
974.165
919.963
798.6
621.769
402.551
185.285
30.86
0
0
0
0
0
0
0
0
0
0
7.868
118.077
317.097
526.764
710.19
843.183
925.03
919.417
859.302
773.675
599.831
395.375
179.813
31.378
0
0
0
0
0
0
0
0
0
0
8.095
130.037
343.721
568.318
765.025
917.927
1005.939
1022.765
962.105
840.685
662.182
445.261
217.254
38.402
0
0
0
0
0
0
0
0
0
0
8.035
124.827
333.487
554.458
751.134
899.788
983.379
1000.8
948.595
828.925
641.567
402.178
172.391
30.597
0
0
0
0
0
0
0
0
0
0
6.989
105.75
276.461
511.105
722.498
854.175
980.412
1017.805
942.114
816.336
622.368
400.688
183.94
31.546
0
0
0
0
0
0
0
0
0
0
9.119
144.214
366.065
591.144
785.108
927.776
1007.017
1015.564
955.453
823.446
636.236
414.961
192.455
32.448
0
0
0
0
0
0
0
0
0
0
7.772
122.801
332.292
555.747
752.673
906.254
991.443
1005.88
947.798
823.176
642.993
426.319
203.843
34.867
0
0
0
0
0
0
0
0
0
0
7.452
121.477
325.326
541.506
732.761
875.321
960.244
977.685
929.062
808.85
633.032
418.144
197.539
33.289
0
0
0
0
0
0
0
0
0
0
6.485
103.954
293.594
507.451
701.712
850.986
933.809
943.307
883.587
750.481
565.566
351.226
154.313
27.074
0
0
0
0
0
0
0
0
0
0
5.612
83.404
237.743
429.494
621.608
808.819
892.552
903.682
862.956
745.081
573.855
367.647
171.286
28.313
0
0
0
0
0
0
0
0
0
0
6.409
115.695
321.055
544.991
744.475
899.898
988.458
1005.169
950.717
828.428
649.332
432.953
207.582
33.959
0
0
0
0
0
0
0
0
0
0
6.268
109.396
306.697
523.073
716.41
880.035
966.968
984.13
933.749
809.969
630.091
413.051
191.218
30.373
0
0
0
0
0
0
0
0
0
0
5.922
107.329
296.025
502.277
680.52
819.723
913.982
943.288
911.085
795.865
618.761
400.864
185.928
29.621
0
0
0
0
0
0
0
0
0
0
5.468
103.626
300.801
520.005
716.497
867.177
952.046
967.933
911.647
787.389
608.148
394.453
179.607
27.84
0
0
0
0
0
0
0
0
0
0
5.566
106.558
305.52
524.243
719.825
866.47
951.106
966.716
909.263
786.696
608.875
395.827
178.961
26.323
0
0
0
0
0
0
0
0
0
0
5.697
103.095
293.111
507.654
704.81
851.603
938.372
953.601
900.458
780.013
603.293
391.881
164.593
24.074
0
0
0
0
0
0
0
0
0
0
5.306
105.96
302.53
518.518
711.71
857.663
942.563
955.173
891.786
772.722
599.369
391.333
164.356
24.042
0
0
0
0
0
0
0
0
0
0
5.318
107.875
310.081
525.003
714.084
842.871
894.747
813.175
648.991
493.726
340.717
211.714
108.246
21.783
0
0
0
0
0
0
0
0
0
0
5.649
127.849
346.816
572.114
765.794
905.606
986.061
997.627
936.953
810.754
630.486
413.017
189.96
27.787
0
0
0
0
0
0
0
0
0
0
4.617
95.02
272.893
486.367
690.495
857.621
953.465
963.419
895.198
744.242
546.011
325.433
135.031
20.259
0
0
0
0
0
0
0
0
0
0
4.033
81.636
239.085
446.144
638.484
819.908
908.776
928.571
873.398
755.057
580.219
372.413
166.269
24.195
0
0
0
0
0
0
0
0
0
0
3.442
79.211
245.25
440.975
621.151
763.207
846.585
864.149
861.131
740.193
564.452
359.057
158.237
23.052
0
0
0
0
0
0
0
0
0
0
3.465
81.302
260.087
471.413
664.367
813.878
898.213
912.97
857.376
735.007
560.408
355.567
155.783
22.419
0
0
0
0
0
0
0
0
0
0
3.429
67.687
194.505
352.638
521.335
660.128
752.671
779.58
735.819
608.253
428.898
282.101
135.682
20.657
0
0
0
0
0
0
0
0
0
0
2.429
57.234
178.761
322.236
477.104
647.124
672.545
578.953
470.413
387.308
307.993
192.968
78.496
10.882
0
0
0
0
0
0
0
0
0
0
1.991
56.372
186.69
356.191
507.312
624.157
708.64
671.936
511.542
371.608
274.645
159.626
61.849
8.375
0
0
0
0
0
0
0
0
0
0
1.998
56.706
177.036
328.799
504.014
656.689
702.485
674.565
660.534
595.111
466.788
274.941
109.383
14.998
0
0
0
0
0
0
0
0
0
0
2.801
72.386
221.986
396.597
519.148
560.837
624.522
686.208
686.574
645.668
461.638
264.243
102.972
15.006
0
0
0
0
0
0
0
0
0
0
2.917
73.906
201.952
331.154
461.39
595.766
700.494
734.885
730.081
654.898
513.421
331.859
142.19
18.833
0
0
0
0
0
0
0
0
0
0
2.702
75.685
228.276
411.028
574.638
742.089
762.079
742.24
714.338
609.052
461.661
281.63
116.824
15.846
0
0
0
0
0
0
0
0
0
0
2.567
79.044
252.521
459.348
651.734
777.236
770.641
775.096
770.461
673.011
504.183
337.528
150.294
19.781
0
0
0
0
0
0
0
0
0
0
2.994
109.212
322.637
551.487
756.959
914.288
1002.893
1018.174
955.978
824.499
634.314
405.825
175.292
20.898
0
0
0
0
0
0
0
0
0
0
2.065
80.218
284.864
524.882
735.399
885.48
964.654
938.811
840.543
714.822
526.159
316.612
130.634
16.448
0
0
0
0
0
0
0
0
0
0
2.366
88.004
280.465
504.867
700.95
845.908
925.38
906.165
840.235
769.633
573.454
348.802
141.654
17.151
0
0
0
0
0
0
0
0
0
0
1.96
79.987
262.046
473.863
665.185
812.535
889.899
883.603
811.086
699.52
532.32
342.166
146.681
17.388
0
0
0
0
0
0
0
0
0
0
1.741
69.667
226.076
424.111
623.311
780.607
867.43
873.853
781.742
657.811
498.072
303.592
122.584
14.533
0
0
0
0
0
0
0
0
0
0
1.594
66.789
223.045
414.546
595.53
758.512
864.891
886.701
823.89
699.851
524.76
319.369
126.97
14.761
0
0
0
0
0
0
0
0
0
0
0.719
39.54
139.762
279.369
434.034
564.364
646.174
627.96
540.206
448.887
349.324
228.06
102.429
12.628
0
0
0
0
0
0
0
0
0
0
1.304
67.585
230.724
415.994
567.474
691.39
769.518
760.629
706.774
598.068
471.405
306.13
130.445
14.377
0
0
0
0
0
0
0
0
0
0
1.336
78.819
266.111
481.476
685.137
836.184
923.468
938.834
867.855
739.082
556.302
324.756
121.029
12.144
0
0
0
0
0
0
0
0
0
0
1.345
81.126
255.326
444.615
620.257
779.464
905.425
957.674
917.669
791.777
603.402
377.995
154.493
16.032
0
0
0
0
0
0
0
0
0
0
1.313
88.356
295.339
524.692
728.848
875.235
965.475
983.324
917.37
790.08
605.134
383.807
161.537
16.11
0
0
0
0
0
0
0
0
0
0
1.102
84.824
284.498
511.281
720.086
879.375
970.008
989.005
933.866
806.53
617.747
395.992
168.503
15.685
0
0
0
0
0
0
0
0
0
0
0.929
78.411
270.985
505.071
713.784
861.463
951.266
967.828
895.198
766.434
585.358
367.499
150.295
13.978
0
0
0
0
0
0
0
0
0
0
0.874
84.611
296.238
531.113
739.309
896.842
987.689
1006.357
948.575
821.821
635.345
408.279
173.714
15.601
0
0
0
0
0
0
0
0
0
0
0.831
94.195
316.985
552.282
757.514
910.441
997.297
1010.916
950.545
822.257
635.358
408.418
173.445
15.047
0
0
0
0
0
0
0
0
0
0
0.701
85.081
296.087
526.859
731.384
885.837
974.325
989.487
931.827
802.863
615.636
390.072
161.046
13.502
0
0
0
0
0
0
0
0
0
0
0.587
78.493
280.309
506.578
709.383
861.612
950.148
965.796
908.563
779.553
593.364
370.953
149.048
12.136
0
0
0
0
0
0
0
0
0
0
0.484
71.498
266.142
493.822
703.486
864.909
954.985
972.302
917.596
791.981
608.309
386.324
159.359
12.716
0
0
0
0
0
0
0
0
0
0
0.429
78.374
285.745
516.561
722.427
878.73
968.776
985.912
934.779
807.781
621.565
395.985
163.982
12.607
0
0
0
0
0
0
0
0
0
0
0.374
80.788
292.984
526.059
732.325
889.756
980.807
997.877
943.448
813.588
624.16
394.431
157.867
11.276
0
0
0
0
0
0
0
0
0
0
0.303
72.554
266.635
489.936
697.173
859.752
952.594
976.042
919.836
795.11
605.72
375.092
144.967
10.738
0
0
0
0
0
0
0
0
0
0
0.281
75.444
270.533
487.784
688.405
852.553
953.146
982.801
939.047
816.17
629.157
403.712
166.022
11.603
0
0
0
0
0
0
0
0
0
0
0.223
86.084
309.045
547.327
755.08
909.182
998.209
1013.903
953.511
822.606
631.699
400.815
162.934
10.993
0
0
0
0
0
0
0
0
0
0
0.175
73.427
273.327
506.838
720.437
883.214
976.664
994.283
933.501
800.126
599.077
359.116
138.106
9.766
0
0
0
0
0
0
0
0
0
0
0.087
51.54
207.748
405.886
595.427
758.637
854.276
878.097
827.166
708.636
533.411
337.271
134.96
9.01
0
0
0
0
0
0
0
0
0
0
0.093
75.937
288.166
519.485
727.496
886.736
980.699
996.267
938.767
807.843
616.19
384.341
145.647
8.94
0
0
0
0
0
0
0
0
0
0
0.064
66.399
266.165
491.818
684.411
814.897
879.647
876.766
827.474
720.68
560.364
361.224
142.571
8.401
0
0
0
0
0
0
0
0
0
0
0.044
63.775
250.423
451.102
594.763
729.126
868.127
947.053
913.565
787.014
597.873
369.643
140.579
7.976
0
0
0
0
0
0
0
0
0
0
0.023
58.859
238.145
454.471
642.631
768.815
839.258
818.291
755.687
658.657
513.657
323.848
126.268
7.151
0
0
0
0
0
0
0
0
0
0
0.008
48.602
175.018
311.644
425.351
511.426
584.889
662.694
699.408
665.367
551.25
353.893
138.613
7.223
0
0
0
0
0
0
0
0
0
0
0.006
55.402
238.971
465.084
680.303
850.447
945.647
963.401
876.565
733.406
547.388
338.569
128.52
6.459
0
0
0
0
0
0
0
0
0
0
0.003
55.892
230.731
434.246
609.697
748.928
835.243
864.736
840.19
746.636
575.988
357.973
134.186
6.574
0
0
0
0
0
0
0
0
0
0
0.001
53.989
238.64
457.896
647.34
779.764
813.34
758.385
680.694
599.501
456.342
291.176
112.46
5.658
0
0
0
0
0
0
0
0
0
0
0
47.84
228.266
452.308
664.028
832.913
906.787
926.788
848.706
729.458
529.304
306.771
112.957
5.221
0
0
0
0
0
0
0
0
0
0
0
52.991
239.909
464.948
682.133
851.718
947.721
968.032
912.169
779.03
584.942
353.481
124.324
4.99
0
0
0
0
0
0
0
0
0
0
0
50.48
228.738
452.714
671.947
839.566
917.115
900.582
776.071
603.778
430.48
260.273
103.531
4.868
0
0
0
0
0
0
0
0
0
0
0
51.707
245.972
482.747
693.183
850.643
943.46
959.969
890.149
747.345
561.303
349.188
123.998
4.677
0
0
0
0
0
0
0
0
0
0
0
56.357
259.961
494.204
704.143
865.396
956.132
971.257
912.018
776.125
579.499
347.83
122.65
4.433
0
0
0
0
0
0
0
0
0
0
0
44.981
210.402
447.398
676.984
833.249
902.152
887.322
788.841
640.334
480.804
298.981
109.336
4.081
0
0
0
0
0
0
0
0
0
0
0
46.829
218.041
430.276
624.37
754.449
797.067
760.102
676.315
545.197
394.45
263.696
109.075
3.814
0
0
0
0
0
0
0
0
0
0
0
51.132
244.674
465.6
666.634
823.652
920.02
940.477
871.769
727.313
534.309
320.723
112.433
3.474
0
0
0
0
0
0
0
0
0
0
0
40.784
210.324
456.229
671.384
802.649
855.195
870.448
844.348
735.476
548.18
309.897
100.213
2.805
0
0
0
0
0
0
0
0
0
0
0
43.682
236.301
474.033
680.544
821.625
914.81
937.251
891.415
761.271
573.196
344.56
117.049
3.054
0
0
0
0
0
0
0
0
0
0
0
37.199
184.271
392.586
612.894
793.435
893.449
905.649
835.135
689.266
494.829
285.799
96.225
2.584
0
0
0
0
0
0
0
0
0
0
0
46.992
251.281
490.961
705.706
856.7
950.489
968.112
900.999
769.974
576.92
345.007
115.421
2.554
0
0
0
0
0
0
0
0
0
0
0
46.542
249.729
487.898
699.662
859.347
951.366
966.314
906.588
774.466
582.214
350.486
118.343
2.374
0
0
0
0
0
0
0
0
0
0
0
44.427
241.225
475.229
684.827
839.353
930.924
947.26
886.916
755.099
563.621
334.289
109.042
2.047
0
0
0
0
0
0
0
0
0
0
0
40.247
227.734
457.984
667.095
826.146
918.247
934.938
870.23
737.554
545.699
317.672
96.784
1.658
0
0
0
0
0
0
0
0
0
0
0
38.535
225.857
454.926
660.467
817.029
906.008
919.76
856.666
721.247
527.492
302.894
91.862
1.456
0
0
0
0
0
0
0
0
0
0
0
38.069
214.824
411.171
579.777
694.18
759.665
740.679
654.811
489.38
322.33
175.878
56.003
0.871
0
0
0
0
0
0
0
0
0
0
0
36.178
222.977
462.743
671.737
833.413
922.801
937.233
875.682
740.68
551.641
325.131
101.942
1.258
0
0
0
0
0
0
0
0
0
0
0
39.255
233.813
476.959
684.685
839.782
927.576
942.209
879.67
747.796
543.395
320.275
101.865
1.124
0
0
0
0
0
0
0
0
0
0
0
36.574
228.249
460.79
669.033
829.893
880.169
777.56
644.292
608.913
493.413
310.847
102.021
1.01
0
0
0
0
0
0
0
0
0
0
0
34.831
220.315
450.458
658.601
816.496
908.621
925.34
864.944
726.707
535.092
311.084
94.471
0.787
0
0
0
0
0
0
0
0
0
0
0
34.481
221.408
450.877
657.572
814.501
904.545
920.18
865.763
735.196
545.47
318.56
96.365
0.764
0
0
0
0
0
0
0
0
0
0
0
31.12
211.064
440.574
649.482
806.39
897.517
913.364
853.381
722.35
532.357
307.014
90.545
0.622
0
0
0
0
0
0
0
0
0
0
0
28.997
196.357
415.654
622.898
789.791
881.917
898.305
841.973
712.025
523.239
299.031
85.599
0.474
0
0
0
0
0
0
0
0
0
0
0
26.993
192.314
417.316
627.13
786.984
878.985
895.646
837.947
706.601
517.098
293.054
82.56
0.419
0
0
0
0
0
0
0
0
0
0
0
21.114
152.339
358.615
587.429
782.478
879.212
897.486
841.309
708.426
518.134
292.498
80.869
0.344
0
0
0
0
0
0
0
0
0
0
0
24.088
174.444
391.473
599.177
771.924
869.302
884.706
830.198
695.294
501.614
277.046
74.468
0.245
0
0
0
0
0
0
0
0
0
0
0
23.711
167.603
357.036
518.571
689.947
824.159
857.64
801.331
668.599
478.522
259.338
67.934
0.186
0
0
0
0
0
0
0
0
0
0
0
21.152
166.53
394.818
604.466
769.005
861.536
879.128
827.92
695.719
506.502
283.242
74.731
0.138
0
0
0
0
0
0
0
0
0
0
0
18.068
144.649
312.675
512.436
721.537
853.703
877.022
846.414
716.251
527.424
301.358
82.298
0.109
0
0
0
0
0
0
0
0
0
0
0
26.749
211.97
444.958
654.112
812.291
902.857
919.196
859.823
728.557
534.234
302.985
77.558
0.073
0
0
0
0
0
0
0
0
0
0
0
25.889
210.78
444.966
654.594
813.067
905.082
922.008
861.62
730.155
539.479
310.087
84.73
0.053
0
0
0
0
0
0
0
0
0
0
0
25.004
205.98
437.504
645.379
801.814
892.447
908.367
843.143
711.502
520.984
293.541
75.568
0.032
0
0
0
0
0
0
0
0
0
0
0
22.345
195.044
423.703
630.104
782.289
872.1
887.888
826.364
694.411
504.281
279.115
68.177
0.019
0
0
0
0
0
0
0
0
0
0
0
19.762
179.916
404.447
612.359
766.162
858.007
870.777
802.724
646.876
452.748
244.042
61.392
0.01
0
0
0
0
0
0
0
0
0
0
0
19.608
183.932
413.138
624.748
789.154
882.586
899.997
838.954
706.436
513.727
274.912
65.225
0.004
0
0
0
0
0
0
0
0
0
0
0
21.728
201.251
436.317
646.819
805.143
895.796
911.179
849.069
713.458
518.553
286.83
69.162
0.002
0
0
0
0
0
0
0
0
0
0
0
19.859
191.256
424.669
633.287
790.184
880.399
896.543
834.95
703.228
512.342
284.448
68.507
0.001
0
0
0
0
0
0
0
0
0
0
0
19.812
193.748
425.967
635.647
788.682
882.149
899.656
840.642
709.373
519.161
290.642
70.826
0
0
0
0
0
0
0
0
0
0
0
0
19.186
195.015
430.016
641.061
799.539
891.861
908.314
845.276
713.335
521.513
291.48
70.008
0
0
0
0
0
0
0
0
0
0
0
0
18.656
190.854
423.72
636.45
797.405
864.656
809.011
704.797
493.913
325.574
232.419
65.26
0
0
0
0
0
0
0
0
0
0
0
0
18.51
193.659
428.203
639.397
797.692
890.041
906.766
845.913
712.468
519.015
287.547
67.044
0
0
0
0
0
0
0
0
0
0
0
0
17.064
187.762
420.449
630.68
789.138
880.519
896.519
836.082
702.736
509.591
279.381
62.857
0
0
0
0
0
0
0
0
0
0
0
0
15.195
176.227
403.953
612.305
769.137
861.428
880.019
822.811
690.354
498.68
270.655
59.574
0
0
0
0
0
0
0
0
0
0
0
0
14.931
178.179
407.358
615.592
773.023
864.444
881.015
820.431
688.039
496.451
268.976
58.583
0
0
0
0
0
0
0
0
0
0
0
0
13.993
171.524
398.068
605.705
763.946
855.934
872.981
812.521
681.038
490.935
264.999
56.498
0
0
0
0
0
0
0
0
0
0
0
0
13.813
175.888
406.485
615.978
774.222
865.619
881.679
819.87
687.248
496.064
268.702
56.995
0
0
0
0
0
0
0
0
0
0
0
0
13.28
174.314
404.553
613.614
771.581
863.132
879.149
817.156
684.385
492.971
265.624
55.187
0
0
0
0
0
0
0
0
0
0
0
0
12.313
166.833
394.426
601.853
758.368
849.404
865.283
802.096
672.641
482.638
257.08
51.991
0
0
0
0
0
0
0
0
0
0
0
0
11.877
165.961
393.724
602.566
758.046
849.483
866.408
806.806
674.417
483.879
257.722
51.186
0
0
0
0
0
0
0
0
0
0
0
0
11.183
162.233
388.253
597.262
753.806
845.697
862.227
800.099
666.522
473.903
247.636
47.113
0
0
0
0
0
0
0
0
0
0
0
0
11.321
168.138
399.178
608.028
760.755
846.035
855.899
789.242
654.438
464.583
242.621
46.314
0
0
0
0
0
0
0
0
0
0
0
0
11.429
171.727
397.56
598.249
747.519
833.255
843.498
758.525
617.034
432.773
215.998
41.345
0
0
0
0
0
0
0
0
0
0
0
0
10.491
166.612
390.053
590.322
740.716
827.157
841.263
778.636
648.605
454.891
240.205
43.643
0
0
0
0
0
0
0
0
0
0
0
0
9.127
154.341
379.311
585.054
740.069
828.753
844.164
784.989
655.87
469.244
247.539
45.879
0
0
0
0
0
0
0
0
0
0
0
0
8.638
150.722
371.023
573.903
720.666
810.203
826.935
760.937
633.146
448.037
230.451
40.797
0
0
0
0
0
0
0
0
0
0
0
0
8.805
160.205
389.219
596.757
754.859
844.836
859.626
797.86
665.782
475.639
249.831
44.99
0
0
0
0
0
0
0
0
0
0
0
0
7.848
148.447
368.617
571.522
723.877
812.85
828.008
770.597
643.074
458.095
237.957
41.667
0
0
0
0
0
0
0
0
0
0
0
0
7.237
143.906
362.375
564.614
701.332
791.935
808.686
747.675
620.295
436.927
221.944
37.004
0
0
0
0
0
0
0
0
0
0
0
0
6.578
135.791
351.122
554.37
706.357
797.329
814.796
761.296
633.581
448.071
229.156
37.956
0
0
0
0
0
0
0
0
0
0
0
0
6.514
134.349
340.932
539.36
701.197
796.702
810.118
739.993
599.945
421.449
215.347
34.578
0
0
0
0
0
0
0
0
0
0
0
0
5.75
132.225
342.79
538.378
691.535
779.688
779.391
669.041
560.667
325.996
162.858
29.063
0
0
0
0
0
0
0
0
0
0
0
0
3.737
80.051
246.713
477.378
678.364
779.557
781.215
704.562
604.254
428.105
212.444
32.89
0
0
0
0
0
0
0
0
0
0
0
0
5.043
111.988
283.286
461.407
623.371
711.731
707.399
629.077
529.047
356.783
163.63
24.504
0
0
0
0
0
0
0
0
0
0
0
0
4.776
123.317
330.696
527.655
679.324
764.163
767.214
700.39
580.815
406.07
201.998
29.273
0
0
0
0
0
0
0
0
0
0
0
0
4.405
121.688
332.666
536.202
690.095
772.397
787.085
718.501
598.748
399.585
186.517
27.085
0
0
0
0
0
0
0
0
0
0
0
0
3.611
103.114
283.235
479.44
660.727
759.197
755.359
687.571
581.179
413.389
212.028
31.413
0
0
0
0
0
0
0
0
0
0
0
0
3.93
109.708
308.32
511.598
690.832
785.457
800.744
740.868
617.289
430.987
213.641
30.957
0
0
0
0
0
0
0
0
0
0
0
0
4.34
137.234
360.987
566.062
721.102
810.833
826.573
765.945
636.836
450.202
228.103
33.627
0
0
0
0
0
0
0
0
0
0
0
0
4.294
138.53
361.859
564.817
717.956
805.722
820.472
760.231
631.17
444.736
224.031
31.528
0
0
0
0
0
0
0
0
0
0
0
0
2.266
61.639
182.71
447.179
641.104
738.82
739.954
682.202
574.821
400.324
193.17
25.156
0
0
0
0
0
0
0
0
0
0
0
0
3.68
129.697
348.54
546.041
694.495
779.035
789.575
722.385
591.129
408.87
198.829
26.619
0
0
0
0
0
0
0
0
0
0
0
0
3.306
125.46
340.435
539.162
689.967
776.993
792.23
733.142
607.593
424.643
209.906
28.443
0
0
0
0
0
0
0
0
0
0
0
0
2.854
116.463
324.928
521.342
665.293
750.418
764.023
705.816
574.47
386.085
173.359
18.473
0
0
0
0
0
0
0
0
0
0
0
0
2.391
101.876
295.966
485.762
624.217
706.312
699.135
594.74
431.303
248.586
113.763
15.983
0
0
0
0
0
0
0
0
0
0
0
0
2.336
109.877
317.041
514.943
668.012
763.42
786.996
731.409
607.316
425.236
208.572
26.533
0
0
0
0
0
0
0
0
0
0
0
0
1.962
67.596
244.174
487.266
660.155
752.474
748.061
705.52
585.695
406.051
193.976
23.079
0
0
0
0
0
0
0
0
0
0
0
0
2.047
97.154
275.091
455.877
609.852
716.007
739.157
684.723
564.44
386.813
180.965
19.863
0
0
0
0
0
0
0
0
0
0
0
0
1.937
87.182
299.852
507.789
639.196
712.438
710.746
631.575
493.014
323.21
140.914
14.809
0
0
0
0
0
0
0
0
0
0
0
0
1.921
105.533
307.033
510.176
661.666
748.213
763.467
700.767
566.869
372.844
177.662
21.751
0
0
0
0
0
0
0
0
0
0
0
0
2.068
116.209
330.542
529.189
679.721
766.712
781.522
724.031
598.995
418.221
204.073
24.623
0
0
0
0
0
0
0
0
0
0
0
0
1.982
114.506
328.53
530.15
682.624
769.894
785.621
728.435
601.585
419.01
203.538
24.067
0
0
0
0
0
0
0
0
0
0
0
0
1.818
113.271
326.762
525.254
676.767
762.781
776.667
718.68
591.348
404.857
187.238
21.24
0
0
0
0
0
0
0
0
0
0
0
0
1.661
109.989
320.023
517.045
668.207
755.709
772.048
715.573
590.857
409.87
196.216
21.983
0
0
0
0
0
0
0
0
0
0
0
0
1.509
107.309
316.685
515.708
664.712
752.429
768.646
712.773
589.244
409.91
197.759
22.561
0
0
0
0
0
0
0
0
0
0
0
0
1.543
112.988
328.467
526.724
675.357
762.651
778.721
722.045
596.426
414.988
200.378
22.666
0
0
0
0
0
0
0
0
0
0
0
0
1.513
108.234
319.068
516.699
664.617
751.194
767.646
711.629
589.143
410.741
198.291
21.986
0
0
0
0
0
0
0
0
0
0
0
0
1.382
105.387
316.809
513.724
660.6
746.262
760.804
703.62
577.481
395.254
185.604
20.037
0
0
0
0
0
0
0
0
0
0
0
0
1.202
104.423
312.54
507.501
656.183
742.177
757.627
702.242
579.431
401.112
190.324
20.156
0
0
0
0
0
0
0
0
0
0
0
0
1.146
104.579
313.086
510.149
661.854
748.022
762.981
704.888
569.4
373.586
170.861
17.634
0
0
0
0
0
0
0
0
0
0
0
0
0.927
90.94
278.674
462.011
606.919
664.952
654.429
589.749
478.942
322.27
144.645
12.651
0
0
0
0
0
0
0
0
0
0
0
0
0.618
56.588
181.388
311.434
404.121
480.989
469.869
447.995
377.084
237.234
104.533
10.104
0
0
0
0
0
0
0
0
0
0
0
0
0.833
88.285
282.892
472.378
623.495
707.31
721.489
660.3
535.021
365.559
164.194
15.693
0
0
0
0
0
0
0
0
0
0
0
0
0.823
91.205
288.921
481.275
629.992
716.411
732.932
678.851
556.873
381.074
176.152
17.194
0
0
0
0
0
0
0
0
0
0
0
0
0.796
90.567
290.326
469.326
597.743
695.871
725.719
669.21
538.915
354.039
156.367
14.734
0
0
0
0
0
0
0
0
0
0
0
0
0.829
94.475
295.742
488.706
635.472
720.267
737.088
684.073
562.971
386.269
178.238
16.97
0
0
0
0
0
0
0
0
0
0
0
0
0.888
102.756
310.976
504.946
642.9
728.367
742.481
680.396
558.787
381.344
173.956
16.508
0
0
0
0
0
0
0
0
0
0
0
0
0.774
94.241
285.114
461.856
576.883
639.653
659.019
610.229
494.601
340.281
149.622
14.458
0
0
0
0
0
0
0
0
0
0
0
0
0.748
78.799
249.874
440.643
616.651
719.657
735.869
677.534
554.098
377.249
172.196
16.118
0
0
0
0
0
0
0
0
0
0
0
0
0.723
93.479
293.372
483.051
621.308
704.338
718.132
658.203
533.67
341.847
132.705
12.845
0
0
0
0
0
0
0
0
0
0
0
0
0.734
97.311
288.141
469.279
613.611
691.085
695.493
553.24
448.254
302.586
117.918
11.274
0
0
0
0
0
0
0
0
0
0
0
0
0.725
77.801
260.425
454.758
601.557
679.245
683.383
626.736
524.523
367.375
171.256
16.053
0
0
0
0
0
0
0
0
0
0
0
0
0.637
90.327
288.69
477.474
627.623
710.588
722.826
662.429
540.818
361.26
153.264
13.35
0
0
0
0
0
0
0
0
0
0
0
0
0.63
87.936
285.575
476.96
607.714
692.258
706.453
652.267
531.027
357.653
158.319
14.209
0
0
0
0
0
0
0
0
0
0
0
0
0.68
94.149
294.344
485.133
641.048
726.814
741.064
686.432
554.102
365.547
168.339
15.529
0
0
0
0
0
0
0
0
0
0
0
0
0.66
93.511
297.798
492.658
642.862
729.795
745.31
690.857
565.855
390.628
181.069
16.822
0
0
0
0
0
0
0
0
0
0
0
0
0.737
100.281
309.224
505.011
653.593
739.994
754.993
697.945
571.639
389.901
177.712
16.216
0
0
0
0
0
0
0
0
0
0
0
0
0.723
98.477
307.417
504.318
654.155
739.705
755.043
699.026
573.917
393.108
181.306
16.753
0
0
0
0
0
0
0
0
0
0
0
0
0.764
103.268
315.991
514.075
662.123
749.265
766.549
711.447
587.875
407.44
193.193
19.208
0
0
0
0
0
0
0
0
0
0
0
0
0.804
109.209
325.06
521.778
670.594
757.716
773.118
715.185
589.504
408.1
193.769
19.203
0
0
0
0
0
0
0
0
0
0
0
0
0.797
104.067
307.382
493.384
609.629
674.938
677.628
610.246
527.513
370.133
175.098
17.174
0
0
0
0
0
0
0
0
0
0
0
0
0.502
69.232
218.825
357.036
412.608
454.588
463.989
354.924
254.881
180.485
72.602
5.293
0
0
0
0
0
0
0
0
0
0
0
0
0.47
73.107
232.574
372.486
485.305
571.27
562.741
475.643
391.044
274.205
126.359
12.977
0
0
0
0
0
0
0
0
0
0
0
0
0.763
98.048
297.616
500.577
648.071
733.541
749.031
693.521
570.954
393.356
184.219
17.939
0
0
0
0
0
0
0
0
0
0
0
0
0.87
101.204
310.532
506.746
650.35
738.647
755.427
697.123
570.723
388.1
176.754
17.215
0
0
0
0
0
0
