48.75
51.35
47.79
48.89
57.97
59.38
58.1
54.05
53.08
45.14
49.89
53.19
47.6
46.06
42.98
35.72
47.47
42.42
43.18
43.46
42.61
44.77
45.18
49.25
51.7
57.78
58.3
48.76
33.82
32.48
40.95
52.12
37.56
36.32
36.88
32.05
30.63
41.13
50.8
74.93
45.43
38.54
41.65
39.32
37.62
39.29
56.04
45.61
40.21
33.02
35.88
35.48
36.67
40.86
26.74
32.96
53.33
70.73
68.68
34.6
27.16
36.12
59.96
57.02
44.2
33.73
30.99
31.03
35.99
40
29.08
30.95
29.56
36.91
35.21
27.02
36.99
29.1
22.8
23.16
33.35
22.25
15.74
20.94
28.56
38.86
30.41
34.16
40.27
36.06
52.04
40.39
38.35
43.61
56.22
58.65
59.53
50.03
52.24
56.58
47.26
53.22
52.48
44.62
44.82
48.79
49.56
40.02
37.03
38.49
35.18
42.16
44.8
43.75
40.76
43.13
44.89
33.65
34.62
45.27
47.03
47.52
66.78
74.8
49.03
35.57
32.36
42.36
35.9
44.07
48.81
44.04
40.18
52.46
52.15
53.97
44.44
33.14
39.42
46.26
52.19
51.68
65.58
62.1
67.45
50.1
49.28
55.4
53.95
54.43
60.79
69.54
76.96
77.26
69.61
78.42
82.28
77.66
74.34
67.66
73.91
74.95
70.6
65.5
59.33
68.79
63.4
65.88
65.81
66.9
72.08
74.86
74.8
64.62
58.42
58.98
60.2
78.21
71.4
86.27
76.56
77.61
78.66
74.49
75.01
78.27
82.58
80.97
81.44
83.98
85.68
89.33
88.52
89.32
86.34
82.92
81.69
81.76
80.87
82.91
81.26
79.35
86.72
90.13
88.54
86.57
89.36
87.97
85.93
87.11
84.47
86.2
88.22
85.81
84.98
83.81
85.12
90.78
88.38
89.35
83.87
81.1
82.37
82.62
89.97
89.05
89.06
86.91
83.69
87.72
85.46
84.25
85.31
82.67
87.86
88.34
85.74
85.43
83.85
87.3
84.6
82.57
81.08
85.79
86.69
88.88
90.77
87.07
87
88.35
87.75
86.42
90.02
87.9
90.7
88.71
87.03
85.76
90.39
90.67
83.21
79.46
79.85
76.6
78.77
87.2
91.24
92.23
86.16
86.92
92.37
93.72
94.12
88.12
85.42
82.73
86.34
84.62
83.72
87.21
92.31
88.71
81.3
79.06
80.71
81.2
79.15
79.91
81.65
81.75
82.38
83.96
85.02
87.87
84.58
83.43
90.65
93.79
91.66
86.85
86.83
87.43
85.86
84.19
83.99
86.16
85.18
84.63
86.31
78.1
78.09
87.05
93.24
90.19
85.63
78.81
78.84
84.6
84.87
84.14
82.75
81.43
81.52
75.57
78.85
81.41
79.78
83.34
88.45
82.41
85.95
84.9
84.7
83.64
82.34
80.81
78.75
77.57
81.08
85.16
82.83
78.03
78.18
77.1
76.62
84.37
82.1
84.29
85.94
80.69
83.34
82.02
83
78.38
77.07
76.78
79.85
75.7
79.45
81.58
75.36
75.22
73.23
74.88
78.07
