16.971
16.444
15.985
15.571
15.276
15.192
15.116
16.122
18.654
21.293
23.807
26.403
27.849
28.829
29.33
29.304
28.661
26.114
24.526
23.315
22.252
21.349
20.496
19.499
18.44
17.434
16.767
16.483
15.794
15.272
15.046
16.48
18.937
21.758
24.222
26.434
28.472
29.641
30.109
30.046
29.324
26.433
24.724
23.55
22.488
21.514
20.697
19.812
18.873
17.999
17.186
16.617
16.299
16.105
15.935
17.161
19.699
22.372
25.182
27.481
28.861
29.856
30.362
30.286
29.521
26.283
24.456
23.375
22.426
21.546
20.729
19.973
19.338
18.851
18.458
18.088
17.706
17.341
16.993
18.046
20.852
24.685
27.483
29.291
30.449
31.144
31.38
31.071
29.945
25.827
24.113
23.293
22.474
21.664
20.83
20.023
19.37
18.836
18.363
17.986
17.714
17.456
17.186
18.697
21.44
25.036
27.876
29.366
30.268
30.799
30.934
30.57
29.488
25.628
23.575
22.252
21.014
19.979
18.997
18.058
17.376
16.959
16.754
16.453
16.057
15.602
15.163
16.822
19.761
22.938
25.363
26.954
28.043
28.631
28.813
28.577
27.844
25.409
23.989
23.045
22.189
21.282
20.203
19.095
18.115
17.327
16.733
16.278
15.889
15.547
15.25
16.663
19.3
22.219
24.296
26.017
27.264
28.091
28.488
28.395
27.731
25.089
23.525
22.569
21.629
20.608
19.481
18.375
17.423
16.678
16.09
15.635
15.274
14.979
14.707
16.298
19.057
21.927
24.43
26.173
27.394
28.288
28.767
28.783
28.216
25.854
24.184
23.114
22.185
21.343
20.541
19.65
18.641
17.649
16.903
16.41
16.038
15.711
15.412
16.418
18.727
22.406
24.763
26.92
28.327
29.261
29.701
29.609
28.864
25.807
24.021
22.992
22.063
21.179
20.414
19.643
18.816
17.996
17.291
16.821
16.532
16.309
16.13
17.089
19.189
22.65
25.639
27.952
29.203
29.948
30.278
30.079
29.182
25.883
24.011
23.129
22.278
21.567
20.848
19.997
19.155
18.358
17.66
17.037
16.474
15.946
15.332
16.289
18.925
22.739
25.781
27.826
29.17
29.793
29.809
29.145
27.678
24.533
22.66
21.563
20.522
19.533
18.569
17.657
16.851
16.166
15.593
15.108
14.701
14.384
14.179
15.889
18.882
22.622
25.039
26.674
27.873
28.66
29.031
28.873
28.065
24.742
23.245
22.277
21.097
19.743
18.587
17.723
17.009
16.292
15.664
15.18
14.763
14.44
14.268
16.003
18.736
22.233
25.022
26.733
27.749
28.328
28.542
28.329
27.622
25.074
23.209
22.059
21.161
20.393
19.89
19.531
18.839
17.735
16.758
16.242
15.94
15.68
15.375
16.554
18.87
21.822
24.063
25.828
27.085
27.854
28.174
27.972
27.195
24.321
22.652
21.902
21.153
20.311
19.426
18.611
17.868
17.257
16.779
16.475
16.312
16.203
16.074
17.794
20.495
22.779
24.583
26.109
27.344
28.134
28.464
28.342
27.781
26.056
24.679
23.958
23.215
22.39
21.62
20.814
19.952
19.116
18.34
17.561
16.885
16.367
15.966
17.193
19.824
22.774
25.117
26.599
27.831
28.747
29.28
29.301
28.717
26.302
24.439
23.525
22.655
21.849
21.059
20.305
19.616
18.979
18.358
17.676
17.027
16.396
15.831
17.014
19.531
22.959
25.441
27.3
28.721
29.692
30.165
30.051
29.243
26.055
24.069
23.135
22.211
21.265
20.282
19.341
18.458
17.622
16.922
16.403
16.023
15.768
15.659
17.22
19.896
22.515
24.681
26.506
27.788
28.647
29.082
28.999
28.332
25.791
24.045
23.236
22.472
21.717
20.92
20.063
19.205
18.465
17.832
17.26
16.77
16.346
15.988
17.221
19.534
23.297
26.142
27.634
28.446
28.707
28.41
27.572
26.219
24.064
22.343
21.29
20.344
19.495
18.707
17.966
17.298
16.721
16.22
15.729
15.215
14.695
14.184
14.728
17.139
20.081
22.325
24.154
25.369
25.89
25.781
25.089
23.832
21.491
19.666
18.655
17.624
16.679
15.782
14.928
14.161
13.438
12.724
12.077
11.516
11.047
10.671
12.352
15.479
19.442
22.083
23.895
25.186
26.042
26.427
26.248
25.36
21.926
19.942
19.059
18.133
17.159
16.232
15.36
14.61
14.003
13.46
12.957
12.501
12.118
11.788
13.457
16.378
19.969
22.185
23.935
25.333
26.27
26.632
26.396
25.457
21.906
19.787
18.908
18.023
17.157
16.367
15.66
15.028
14.45
13.914
13.435
13.037
12.676
12.355
14.466
17.127
20.766
24.018
25.75
26.898
27.604
27.93
27.803
27.073
23.794
21.716
20.581
19.6
18.737
17.927
17.21
16.766
16.381
15.885
15.296
14.764
14.319
13.962
15.174
17.331
20.789
24.351
26.238
27.305
27.84
27.944
27.656
26.883
24.092
22.083
20.891
19.975
19.071
18.106
17.102
16.166
15.349
14.688
14.2
13.9
13.792
13.777
15.161
17.841
21.194
23.8
25.709
26.868
27.466
27.629
27.368
26.652
24.469
22.763
21.69
20.673
19.744
18.984
18.325
17.535
16.761
16.111
15.67
15.344
15.1
14.911
16.006
18.118
21.999
25.313
26.951
28.066
28.687
28.911
28.71
27.96
25.436
23.529
22.502
21.563
20.7
19.987
19.594
19.187
18.686
18.111
17.621
17.2
16.829
16.503
17.374
19.514
23.429
26.434
28.427
29.64
30.312
30.557
30.36
29.589
26.135
23.941
22.871
21.86
20.824
19.755
18.666
17.726
17.002
16.439
15.998
15.582
15.188
14.887
16.713
19.615
22.275
24.688
26.746
28.088
28.845
29.071
28.748
27.772
25.139
23.248
22.333
21.251
20.124
19.086
18.17
17.355
16.598
15.967
15.37
14.935
14.665
14.427
16.595
19.56
22.041
23.869
25.584
26.954
27.828
28.263
28.172
27.518
25.351
23.498
22.419
21.403
20.55
19.764
19.029
18.457
17.951
17.382
16.921
16.385
15.862
15.617
16.827
19.431
22.979
25.566
27.22
28.461
29.307
29.735
29.624
28.93
26.53
24.594
23.803
22.989
22.129
21.36
20.671
19.949
19.3
19.023
19.003
18.927
18.59
18.552
20.297
22.661
26.476
29.26
30.91
32.03
32.498
32.437
31.815
30.578
27.867
25.62
24.583
23.372
22.094
20.97
19.999
19.158
18.475
17.973
17.633
17.368
17.186
17.058
19.134
21.727
24.481
27.021
28.83
29.946
30.586
30.813
30.606
29.896
27.661
26.057
25.312
24.321
23.095
21.864
20.595
19.416
18.509
17.82
17.382
17.137
16.977
16.886
19.092
21.595
24.046
26.445
28.375
29.588
30.313
30.575
30.343
29.581
27.412
25.55
24.749
23.707
22.603
21.589
20.71
20.002
19.41
18.889
18.428
18.035
17.786
17.678
19.006
21.315
23.508
25.504
27.158
28.413
29.213
29.523
29.256
28.35
26.475
24.824
23.867
22.76
21.614
20.612
19.817
19.178
18.648
18.237
17.903
17.635
17.418
17.271
18.243
20.651
22.913
24.856
26.592
27.752
28.339
28.362
27.875
26.941
25.502
24.327
23.698
23.157
22.45
21.844
21.308
20.797
20.306
19.868
19.469
19.068
18.64
18.342
19.707
22.436
24.89
26.539
27.756
28.549
29.019
29.124
28.71
27.67
25.456
23.508
22.402
21.381
20.599
19.878
19.117
18.517
18.022
17.675
17.312
16.756
16.096
15.638
16.728
19.565
22.182
23.907
25.223
26.321
27.009
27.278
27.056
26.273
23.578
21.271
20.327
19.143
17.832
16.696
15.851
15.064
14.224
13.671
12.901
12.364
11.934
11.505
13.511
16.757
19.75
22.013
23.765
25.039
25.831
26.162
26.033
25.375
23.098
21.014
19.62
18.617
17.645
16.271
14.927
14.212
13.465
12.473
11.795
11.415
11.122
10.952
13.841
16.843
21.075
23.324
24.684
25.658
26.286
26.543
26.326
25.571
22.828
20.576
19.48
18.619
17.958
17.497
17.266
17.206
16.957
16.171
14.768
13.274
12.185
11.691
14.537
17.605
21.545
23.631
24.93
25.876
26.509
26.826
26.763
26.153
23.469
21.164
20.207
19.303
18.373
17.375
16.48
15.686
14.979
14.383
13.919
13.544
13.206
13.076
15.521
18.816
21.649
23.707
25.376
26.622
27.474
27.909
27.869
27.257
24.769
22.372
21.668
20.831
19.72
18.641
17.69
16.846
16.169
15.651
15.22
14.84
14.522
14.401
16.401
19.578
21.816
23.71
25.344
26.648
27.537
27.946
27.736
26.846
24.794
22.61
21.654
20.773
19.911
19.156
18.505
17.933
17.364
16.9
16.614
16.415
16.259
16.219
18.058
21.374
23.842
25.685
27.233
28.408
29.166
29.542
29.31
28.426
26.822
25.105
23.586
22.264
21.191
20.209
19.165
18.13
17.217
16.342
15.433
14.538
13.681
12.956
14.062
17.486
20.616
22.936
24.758
26.139
27.037
27.431
27.265
26.419
23.514
20.911
19.983
18.801
17.672
16.732
15.887
15.12
14.428
13.816
13.316
12.909
12.588
12.519
14.995
18.386
21.876
23.88
25.379
26.548
27.347
27.726
27.627
26.957
24.494
21.871
20.809
19.859
18.966
18.148
17.501
17.094
16.916
16.824
16.486
15.837
15.311
15.061
17.001
19.604
23.895
26.338
27.787
28.893
29.693
30.123
30.003
29.259
26.173
23.427
22.411
21.459
20.41
19.331
18.312
17.384
16.655
16.099
15.658
15.382
15.192
15.067
17.23
20.456
23.024
25.095
26.863
28.357
29.442
30.021
29.987
29.328
27.118
24.404
23.344
22.196
21.027
19.889
18.847
17.871
17.097
16.509
16.087
15.77
15.545
15.595
18.024
20.775
23.209
25.585
27.74
29.563
30.829
31.482
31.5
30.872
28.469
26.087
25.16
24.212
23.305
22.345
21.258
20.264
19.424
18.73
18.174
17.744
17.387
17.22
18.673
21.044
23.696
26.721
29.409
30.697
31.336
31.421
30.965
29.927
27.954
25.611
24.453
23.313
22.188
21.157
20.269
19.489
18.791
18.143
17.531
17.045
16.709
16.581
18.352
20.398
23.496
26.276
28.217
29.467
30.126
30.166
29.72
28.851
26.994
24.615
23.538
22.658
22.007
21.259
20.803
20.318
19.898
19.747
19.371
18.828
18.013
17.493
18.663
21.487
23.923
25.503
26.584
27.272
27.565
27.478
26.963
25.985
24.196
21.883
20.944
20.027
19.124
18.406
17.398
16.312
15.569
14.965
14.444
13.983
13.625
13.68
15.944
19.483
22.61
24.426
25.777
26.885
27.66
28.103
27.989
27.269
25.13
22.38
21.636
20.372
19.402
18.432
17.214
16.288
15.739
15.38
15.314
15.578
15.079
15.247
16.658
18.101
20.25
22.596
25.181
26.698
27.027
27.45
27.568
27.023
24.765
22.619
21.91
21.269
20.68
20.094
19.046
17.985
17.88
17.787
17.588
17.597
17.57
17.682
18.606
20.786
23.288
25.329
26.926
28.107
28.438
28.629
28.536
27.995
26.22
24
22.71
21.642
20.88
20.37
19.992
19.601
19.188
18.766
18.37
17.902
17.449
17.32
19.333
22.145
24.565
26.729
28.81
30.335
31.243
31.628
31.52
30.939
29.192
27.043
26.332
25.694
24.991
24.093
23.021
21.999
21.145
20.472
19.804
19.036
18.333
18.057
19.873
22.816
26.652
29.408
31.207
32.46
33.213
33.467
33.204
32.4
30.489
28.052
26.736
25.362
24.121
22.946
21.715
20.481
19.313
18.177
17.069
16.017
15.06
14.385
15.87
18.968
22.13
25.139
27.533
29.114
29.958
30.133
29.622
28.475
26.174
23.385
22.344
21.326
20.16
18.961
17.779
16.647
15.593
14.721
13.987
13.39
13.045
13.03
16.214
19.512
23.563
26.516
28.705
30.411
31.416
31.824
31.709
31.062
28.292
25.303
23.961
22.791
21.648
20.608
19.698
18.82
18.041
17.401
16.903
16.893
16.701
16.684
18.547
21.545
24.497
27.227
29.47
31.096
32.129
32.547
32.342
31.498
29.544
27.107
26.193
25.161
23.961
22.644
21.471
20.54
19.833
19.337
18.954
18.67
18.599
18.738
20.284
22.935
25.637
28.296
30.664
32.466
33.598
34.055
33.962
33.433
32.227
30.664
29.431
28.129
26.807
25.439
24.145
22.782
21.262
19.908
18.84
17.998
17.373
16.964
18.003
20.076
22.081
23.833
25.26
26.357
26.892
27.11
26.765
25.818
24.138
22.006
20.727
19.552
18.56
17.588
16.579
15.638
14.796
14.041
13.365
12.777
12.292
12.235
14.435
18.035
20.893
23.18
25.111
26.604
27.6
27.975
27.736
26.83
24.997
22.322
21.232
20.338
19.465
18.519
17.515
16.597
15.791
15.06
14.386
13.777
13.228
13.078
15.28
18.95
22.747
25.486
27.544
28.876
29.581
29.684
29.212
28.14
25.949
22.948
21.92
20.856
19.802
18.701
17.617
16.633
15.797
15.092
14.463
13.894
13.377
13.22
15.468
19.162
22.706
25.261
27.233
28.557
29.181
29.184
28.712
27.713
25.443
21.965
20.922
19.868
18.776
17.826
17.031
16.394
15.832
15.363
14.991
14.61
14.336
14.414
17.544
21.015
24.822
27.262
29.028
30.824
32.107
32.514
32.329
31.554
28.967
25.765
24.665
23.685
22.697
21.876
21.442
20.837
19.924
19.274
18.653
18.003
17.317
17.126
19.138
22.342
26.049
28.491
30.23
31.467
32.071
32.211
32.023
31.285
29.168
25.869
24.676
23.567
22.4
21.29
20.327
19.362
18.425
17.565
16.764
16.039
15.393
15.25
17.633
21.5
24.93
26.776
28.204
29.282
29.873
29.983
29.528
28.479
26.52
23.55
22.489
21.579
21.014
20.458
19.79
18.982
18.178
17.456
16.766
16.21
15.75
15.624
17.532
20.667
23.301
25.094
26.551
27.697
28.492
28.901
28.911
28.197
26.117
22.888
21.691
20.52
19.391
18.529
17.896
17.27
16.434
15.602
14.933
14.346
13.711
13.285
15.042
17.847
20.35
22.699
24.801
26.376
27.3
27.639
27.432
26.608
24.778
21.654
20.668
19.828
18.936
17.975
16.981
16.031
15.217
14.508
13.85
13.231
12.754
13.041
16.323
19.958
22.606
24.458
26.068
27.381
28.268
28.666
28.494
27.701
25.747
22.18
20.972
20.215
19.263
18.371
17.578
16.865
16.347
16.133
15.675
14.998
14.835
15.258
17.691
20.043
22.025
23.727
25.828
27.63
28.691
29.085
28.815
27.939
26.051
23.053
21.682
20.471
19.315
18.167
17.051
15.991
15.023
14.183
13.459
12.858
12.364
12.65
16.691
20.515
24.162
25.985
27.442
28.569
29.327
29.644
29.471
28.747
26.303
22.233
21.026
20.034
19.079
18.14
17.449
16.827
15.893
15.091
14.336
13.74
13.281
13.526
16.413
20.39
24.955
27.709
29.382
30.505
31.157
31.344
31.054
30.225
28.034
24.298
23.194
22.115
21.018
19.979
19.026
18.157
17.281
16.543
15.992
15.559
15.205
15.384
17.636
21.105
23.91
26.315
28.237
29.627
30.508
30.892
30.771
30.055
28.396
25.606
24.373
22.89
21.575
20.554
19.76
19.074
18.42
17.807
17.326
16.994
16.745
17.014
19.251
22.187
24.236
26.031
27.728
29.244
30.259
30.824
30.957
30.616
29.488
27.113
26.354
25.284
24.091
22.837
21.832
21.076
20.445
19.895
19.415
19.007
18.708
18.878
20.86
23.378
25.799
28.189
30.389
32.203
33.487
34.14
34.068
33.255
31.609
29.111
27.638
26.202
24.799
23.592
22.596
21.753
21.057
20.571
20.615
20.391
20.161
20.357
21.928
24.021
26.189
28.305
30.326
32.089
33.331
33.923
33.828
32.949
31.001
27.798
25.839
24.102
22.601
21.206
19.885
18.702
17.626
16.627
15.722
14.943
14.311
14.45
17.055
21.355
25.489
28.464
30.661
32.171
32.951
33.042
32.456
31.252
29.203
26.11
24.612
23.308
22.011
20.755
19.548
18.468
17.512
16.71
16.049
15.498
15.026
15.315
17.947
21.76
25.603
28.578
30.945
32.534
33.379
33.535
33.011
31.922
30.129
27.042
25.332
24.087
23.009
21.933
20.875
19.897
19.222
18.599
18.154
17.869
17.605
17.989
21.556
25.087
28.875
31.496
33.405
34.794
35.594
35.919
35.715
34.954
32.585
28.889
27.551
26.417
25.267
24.063
22.881
21.662
20.817
20.271
19.722
19.122
18.587
19.281
21.607
24.496
27.957
31.171
32.941
34.157
34.938
35.134
34.78
34.279
32.633
29.585
28.541
27.388
26.148
24.849
23.699
22.668
21.933
21.423
21.148
21.071
20.995
21.313
22.865
24.503
26.09
27.665
29.151
30.432
30.853
31.171
31.475
31.373
30.223
27.445
26.372
25.676
25.163
24.583
23.618
22.497
21.789
21.185
20.546
20.035
19.793
20.274
22.407
25.135
27.768
30.352
32.645
34.335
35.183
34.802
34.148
33.391
32.219
29.939
28.788
27.375
26.03
24.839
23.728
22.704
21.81
21.052
20.47
20.227
20.206
20.633
22.502
24.798
27.31
30.04
32.545
34.352
35.351
35.671
35.391
34.496
32.904
30.261
29.105
27.55
25.806
24.277
22.966
21.857
20.985
20.396
20.025
19.977
20.012
20.678
22.555
24.802
27.587
30.471
33.009
34.789
35.81
36.053
35.674
34.785
33.062
29.541
28.04
26.732
25.43
24.224
23.182
22.114
21.173
20.506
19.75
18.898
18.567
19.345
21.502
24.116
27.138
31.06
34.178
36.064
37.179
37.623
37.44
36.496
34.235
30.452
28.462
27.151
25.896
24.63
23.392
22.329
21.397
20.595
20.095
19.724
19.352
19.869
22.387
25.587
29.047
31.032
32.137
32.866
33.594
34.035
33.954
33.325
32.04
29.953
28.482
27.687
27.103
26.524
25.889
25.064
24.181
23.417
22.792
22.24
21.608
21.911
24.191
28.003
31.781
34.081
35.605
36.561
37.051
37.237
36.777
36.035
34.679
31.327
29.991
29.061
28.254
27.387
26.669
26.311
26
25.316
24.56
23.961
23.375
23.43
25.613
29.105
33.086
35.408
36.955
38.049
38.611
38.782
38.464
37.673
36.194
32.654
31.122
29.992
28.812
27.556
26.357
25.272
24.337
23.513
22.767
22.119
21.571
21.953
24.033
28.242
32.49
35.161
36.813
37.963
38.643
38.891
38.627
37.8
36.068
32.176
30.737
29.521
28.104
26.717
25.463
24.408
23.584
22.804
21.979
21.177
20.491
20.799
22.958
26.601
30.866
35.093
37.221
38.516
39.153
39.184
38.631
37.493
35.627
32.095
30.409
29.134
27.862
26.614
25.404
24.311
23.331
22.425
21.614
20.876
20.13
20.66
22.97
26.537
31.426
34.291
35.877
37.116
37.985
38.281
38.001
37.18
35.296
30.922
29.449
28.384
27.354
26.399
25.544
24.992
24.758
24.336
23.84
23.37
22.997
23.042
23.957
25.789
30.477
35.162
37.29
38.379
38.907
39.012
38.685
37.904
36.203
32.992
31.398
30.132
29.049
27.981
26.872
25.76
24.698
23.733
22.832
22.058
21.453
22.108
24.338
27.797
32.995
36.264
37.852
38.729
38.866
38.587
38.3
37.735
35.941
31.885
30.219
29.005
27.802
26.647
25.632
25.006
24.666
24.327
23.981
23.545
23.018
23.591
25.486
28.189
32.599
35.352
36.801
37.402
37.434
37.311
37.032
36.498
34.835
31.707
30.393
29.304
28.263
27.358
26.442
25.47
24.562
23.9
23.385
22.914
22.415
22.858
24.597
27.441
33.074
36.23
37.768
38.689
39.211
39.168
38.629
37.725
36.018
32.249
30.698
29.582
28.503
27.438
26.591
25.882
25.238
24.64
24.095
23.678
23.328
23.791
25.34
28.589
32.807
35.358
37.287
38.569
39.167
39.231
38.944
38.305
36.937
33.62
32.32
31.378
30.289
29.201
28.203
27.228
26.334
25.502
24.745
24.063
23.404
23.885
25.428
27.989
32.882
36.892
39.081
40.314
40.827
40.792
40.326
39.329
37.565
34.556
33.064
31.697
30.804
29.866
28.711
27.492
26.368
25.291
24.357
23.615
23.031
23.384
25.205
28.315
32.026
35.505
37.473
38.71
39.424
39.631
39.307
38.535
37.102
33.948
32.591
31.288
30.002
28.851
27.627
26.403
25.417
24.62
23.912
23.318
22.835
23.309
25.339
28.408
31.961
34.645
36.472
37.678
38.114
37.868
37.192
36.232
34.763
32.536
31.276
30.008
28.864
27.81
26.736
25.786
24.885
23.963
23.078
22.367
21.783
22.327
24.451
27.382
30.551
32.996
34.806
35.966
36.764
37.052
36.827
36.213
34.904
32.365
31.111
30.005
28.963
28.062
27.231
26.404
25.498
24.617
23.733
22.939
22.487
23.027
25.087
28.29
31.339
33.221
34.255
34.42
34.082
33.872
33.698
33.526
33.02
30.372
29.325
29.049
28.569
27.806
26.857
25.953
25.397
25.176
24.927
24.59
24.288
24.304
25.414
26.496
26.935
27.393
28.291
29.025
28.913
28.709
29.111
28.615
27.157
25.888
25.19
24.726
24.298
23.765
23.09
22.563
22.176
21.934
21.692
21.584
21.661
21.969
23.001
24.882
26.923
28.4
29.116
29.46
29.592
29.555
29.33
28.827
27.498
24.885
23.552
22.675
21.936
21.309
20.734
20.186
19.688
19.272
18.875
18.449
17.891
18.762
21.294
24.641
27.281
29.033
30.5
31.62
32.429
32.883
32.875
32.315
30.778
26.833
25.402
24.515
23.664
22.842
22.015
21.174
20.389
19.695
19.107
18.666
18.383
19.61
23.385
26.583
30.086
31.881
33.256
34.344
35.083
35.425
35.332
34.685
32.48
27.62
25.82
24.696
23.667
22.7
21.815
21.058
20.533
20.237
19.94
19.578
19.118
19.909
22.618
25.408
30.438
33.873
35.255
36.085
36.513
36.571
36.225
35.37
33.332
28.652
26.79
25.653
24.649
23.687
22.716
21.735
20.78
19.878
19.179
18.706
18.363
19.202
21.226
24.53
28.902
32.867
34.747
35.879
36.6
36.904
36.735
36.063
34.405
30.164
28.354
27.205
26.092
24.97
23.844
22.79
21.876
21.131
20.552
20.045
19.589
20.313
22.413
25.756
28.991
32.2
34.469
35.812
36.583
36.917
36.804
36.19
34.783
30.951
29.31
28.327
27.344
26.302
25.205
24.139
23.189
22.407
21.822
21.376
21.011
21.92
24.061
27.257
30.648
33.881
35.958
37.237
38.016
38.352
38.236
37.571
36.054
32.092
30.394
29.401
28.337
27.213
26.093
25.046
24.128
23.346
22.675
22.124
21.673
22.383
24.481
27.944
31.832
35.456
37.612
38.911
39.575
39.729
39.461
38.667
37.026
33.142
31.407
30.187
28.875
27.694
26.593
25.564
24.653
23.873
23.185
22.579
22.047
22.925
25.065
27.912
30.873
33.686
36.091
37.587
38.401
38.721
38.55
37.909
36.498
32.789
31.082
29.95
28.752
27.653
26.708
25.848
25.094
24.415
23.837
23.325
22.883
23.26
24.909
27.064
29.382
31.487
33.307
34.772
35.899
36.535
36.666
36.27
35.271
32.649
31.147
30.353
29.619
28.821
27.929
27.001
26.179
25.378
24.621
23.949
23.335
23.564
25.561
28.9
32.198
34.691
36.535
37.775
38.532
38.676
38.227
37.141
35.255
32.184
30.229
28.712
27.247
25.865
24.612
23.541
22.641
21.884
21.212
20.622
20.094
20.598
23.173
26.633
29.92
32.872
35.145
36.61
37.32
37.4
36.932
35.895
34.125
30.795
28.765
27.437
26.198
25.028
23.984
23.076
22.276
21.563
20.945
20.397
19.901
20.77
23.341
26.79
30.02
32.743
35.175
37.208
38.22
38.528
38.175
37.194
35.195
31.116
29.089
27.808
26.588
25.364
24.281
23.38
22.565
21.843
21.255
20.731
20.203
21.643
24.377
27.649
31.203
34.585
36.922
38.245
39.128
39.685
39.721
39.215
37.53
33.315
31.46
30.362
29.3
28.2
27.3
26.463
25.651
24.891
24.146
23.496
22.93
24.077
26.469
29.82
33.925
37.137
39.03
40.087
40.679
40.786
40.408
39.491
37.821
34.043
32.25
31.272
30.249
29.186
28.193
27.409
26.687
25.989
25.327
24.772
24.339
26.025
29.325
33.312
36.981
38.78
40.09
40.996
41.453
41.475
41.048
40.179
38.555
34.747
32.918
32
31.038
30.134
29.255
28.364
27.584
26.908
26.363
25.93
25.59
26.987
30.422
33.903
37.755
39.624
40.972
41.845
42.274
42.209
41.668
40.665
39.027
35.617
33.606
32.576
31.519
30.393
29.295
28.34
27.516
26.806
26.186
25.567
24.907
26.055
28.832
32.671
35.945
38.41
39.911
40.835
41.313
41.359
40.968
40.078
38.465
35.262
32.856
30.951
29.282
27.752
26.374
25.183
24.142
23.302
22.63
22.098
21.749
23.703
26.993
31.395
35.867
38.67
40.48
41.748
42.441
42.615
42.295
41.418
39.686
35.524
33.41
32.132
30.636
29.055
27.631
26.43
25.428
24.502
23.691
23.025
22.423
23.905
26.716
30.926
35.437
37.974
39.465
40.431
40.981
41.156
40.931
40.305
38.965
35.345
33.214
31.807
30.434
28.964
27.449
26.179
25.107
24.163
23.376
22.689
22.137
23.233
25.939
29.727
34.01
37.491
39.308
40.393
40.989
41.115
40.785
39.947
38.454
34.567
32.6
31.471
30.098
28.731
27.456
26.315
25.281
24.295
23.382
22.586
21.971
23.205
25.258
29.444
34.833
37.605
38.945
39.86
40.388
40.598
40.393
39.762
38.539
34.545
32.482
31.463
30.449
29.417
28.398
27.411
26.519
25.687
24.91
24.219
23.65
24.965
27.257
31.142
35.408
38.067
39.728
40.838
41.479
41.667
41.423
40.737
39.314
35.229
33.421
32.6
31.781
30.947
30.116
29.364
28.612
27.873
27.129
26.284
25.477
26.95
29.617
33.759
37.736
39.756
41.007
41.815
42.253
42.337
42.004
41.181
39.737
36.228
34.367
33.38
32.341
31.326
30.313
29.141
28.059
27.07
26.196
25.439
24.825
26.212
28.53
32.269
36.248
39.292
40.705
41.555
42.001
42.078
41.762
41.013
39.683
35.714
33.631
32.495
31.335
30.143
28.977
27.943
27.06
26.467
25.735
24.701
23.606
24.17
26.092
29.783
33.804
37.223
39.167
40.366
41.062
41.347
41.217
40.632
39.498
36.278
34.121
32.685
31.673
30.741
29.615
28.297
27.038
26.021
25.228
24.598
24.103
24.766
26.994
30.034
33.89
37.256
39.291
40.667
41.514
41.879
41.81
41.295
40.277
37.231
35.446
34.319
33.278
32.095
30.847
29.721
28.874
27.819
27.004
26.348
25.864
26.38
28.444
31.824
35.557
38.163
39.782
40.888
41.571
41.91
41.834
41.29
40.228
37.044
35.174
34.243
33.2
31.983
30.774
29.782
29.007
28.244
27.556
26.976
26.357
27.167
29.375
33.212
36.964
39.092
40.439
41.358
41.996
42.325
42.155
41.494
40.193
36.808
34.987
34.114
33.052
31.889
30.795
29.779
28.837
28.036
27.388
26.77
26.176
26.932
28.892
32.151
35.64
38.277
40.046
41.318
42.105
42.362
42.12
41.446
40.134
36.716
34.78
33.9
32.806
31.67
30.742
29.854
28.975
28.11
27.424
26.886
26.475
28.363
31.192
35.058
38.045
39.763
40.951
41.685
42.019
42.016
41.648
40.886
39.643
36.548
34.354
33.301
32.332
31.49
30.65
29.758
29.099
28.721
28.492
28.47
28.336
29.272
31.466
35.057
37.975
39.734
40.806
41.516
41.99
42.211
41.999
41.387
40.262
37.097
35.099
34.079
33.059
32.024
31.053
30.146
29.427
29.035
28.902
28.975
28.895
29.485
31.202
34.584
38.325
40.329
41.63
42.484
42.949
43.027
42.707
41.995
40.751
36.889
34.751
33.958
33.156
31.887
30.531
29.515
28.832
28.354
27.964
27.467
26.486
27.129
29.122
32.328
36.094
38.811
40.457
41.577
42.265
42.534
42.345
41.722
40.588
36.964
34.886
34.014
33.113
32.131
31.206
30.104
29.34
28.744
28.203
27.692
27.309
27.817
29.358
31.555
34.268
36.779
38.525
39.742
40.548
40.936
40.83
40.179
38.86
36.766
34.15
31.28
29.108
28.566
28.49
28.224
27.896
27.661
27.494
27.345
27.219
28.059
29.861
31.842
33.7
35.269
36.261
36.193
35.301
33.894
32.65
31.757
30.773
29.558
28.674
28.113
27.685
27.279
26.893
26.581
26.333
26.101
25.862
25.733
25.783
26.608
28.055
30.365
32.176
33.372
34.509
35.585
36.489
37.14
37.394
37.245
36.6
34.596
33.158
32.639
32.075
31.434
30.683
29.991
29.43
28.913
28.426
28.003
27.682
28.323
29.838
32.044
34.302
36.225
37.625
38.677
39.349
39.296
38.572
37.304
35.473
33.387
31.807
31.06
30.68
30.339
29.95
29.513
29.099
28.837
28.602
28.453
28.06
28.899
31.277
33.925
36.181
37.878
39.069
39.801
40.234
40.442
40.319
39.727
38.672
36.412
34.541
33.782
33.038
32.105
31.078
30.071
29.085
28.308
27.783
27.356
27.095
29.161
31.916
35.774
38.079
39.473
40.479
41.195
41.59
41.606
41.216
40.416
39.229
36.755
34.895
34.12
33.309
32.349
31.308
30.364
29.634
29.03
28.481
27.967
27.855
29.563
31.562
34.293
37.674
39.53
40.892
41.792
42.132
41.949
41.519
41.012
40.06
36.748
34.842
34.013
33.091
32.065
31.02
30.104
29.229
28.392
27.651
26.991
26.447
28.191
30.648
35.057
39.677
41.648
42.692
43.398
43.811
43.925
43.731
43.191
42.233
39.519
37.563
35.578
33.871
32.409
30.938
30.041
29.312
28.646
28.032
27.492
27.084
28.015
29.893
33.321
37.354
39.414
40.715
41.63
42.184
42.39
42.184
41.553
40.393
37.562
35.652
34.677
33.42
32.037
30.734
29.614
28.666
27.857
27.073
26.333
25.739
27.055
29.397
34.074
37.987
39.85
41.077
41.938
42.523
42.839
42.805
42.341
41.342
38.222
35.859
34.636
33.168
31.734
30.414
29.251
28.207
27.317
26.606
26.032
25.618
26.733
28.873
31.66
34.664
37.226
39.515
41.135
42.092
42.56
42.592
42.156
41.221
38.577
36.357
35.615
34.792
33.689
32.486
31.303
30.235
29.285
28.459
27.746
27.241
28.106
29.794
32.314
35.052
38.021
40.18
41.544
42.421
42.876
42.9
42.522
41.66
38.658
36.385
35.51
34.698
33.766
32.824
31.953
31.187
30.474
29.729
29.06
28.455
29.379
31.582
34.755
37.975
40.235
41.935
43.132
43.836
44.094
43.936
43.325
42.295
39.407
37.26
36.408
35.455
34.511
33.488
32.484
31.543
30.661
29.839
29.081
28.462
29.592
31.839
35.796
39.567
41.843
43.486
44.605
45.267
45.443
45.195
44.572
43.46
39.731
37.378
36.448
35.54
34.543
33.476
32.363
31.498
30.795
30.119
29.569
29.081
30.093
32.403
35.862
39.112
41.475
43.215
44.464
45.296
45.724
45.747
45.258
43.855
39.776
37.661
36.837
35.972
34.943
33.782
32.968
32.035
31.208
30.573
29.847
29.193
29.769
31.327
34.798
38.855
41.719
43.391
44.391
44.874
44.945
44.473
43.718
42.512
39.36
37.57
36.705
35.749
34.693
33.693
32.861
32.174
31.372
30.478
29.612
28.753
29.954
32.094
35.585
39.219
41.633
43.343
44.487
45.08
45.21
44.938
44.263
43.142
39.921
37.581
36.68
35.762
34.754
33.724
32.683
31.602
30.525
29.501
28.586
27.876
28.557
30.638
33.426
36.766
40.759
42.632
43.597
44.13
44.372
44.263
43.761
42.763
40.308
38.192
36.996
35.602
34.291
33.1
31.994
30.989
30.127
29.404
28.807
28.399
29.08
30.71
32.948
36.187
38.759
40.474
41.71
42.517
42.885
42.799
42.263
41.239
39.27
37.354
36.429
35.226
33.991
32.91
32.01
31.317
30.71
30.094
29.547
29.082
30.007
31.754
34.086
36.362
38.488
40.053
41.165
42.059
42.723
42.896
42.468
41.581
40.173
38.579
37.522
36.328
35.091
33.915
32.924
32.102
31.376
30.705
30.085
29.616
30.352
32.087
34.648
37.145
39.03
40.519
41.642
42.419
42.819
42.85
42.533
41.808
40.143
38.258
37.508
36.502
35.335
34.196
33.172
32.335
31.567
30.86
30.175
29.644
30.263
32.123
34.795
37.73
40.037
41.75
43.006
43.858
44.346
44.463
44.16
43.377
41.415
39.558
38.848
37.862
36.606
35.393
34.282
33.37
32.624
31.974
31.388
30.921
31.817
34.372
37.465
40.085
42.232
43.901
45.079
45.771
46.042
45.913
45.374
44.404
41.766
39.924
39.248
38.478
37.493
36.291
35.078
33.865
32.63
31.562
30.694
30.024
30.935
33.229
36.44
39.598
42.933
45.264
46.458
47.109
47.422
47.33
46.802
45.785
42.599
40.487
39.396
38.174
36.833
35.486
34.284
33.254
32.359
31.513
30.774
30.18
31.265
33.335
36.737
40.36
43.834
45.709
46.808
47.458
47.745
47.626
47.173
46.336
43.753
41.633
40.217
38.698
37.175
35.715
34.503
33.559
32.862
32.296
31.84
31.623
33.148
35.872
39.7
43.147
45.276
46.645
47.555
48.107
48.353
48.249
47.762
46.73
43.606
41.382
39.983
38.428
37.058
35.862
34.833
33.966
33.223
32.565
32.021
31.652
32.822
35.041
38.35
41.491
43.617
45.084
46.045
46.633
46.865
46.745
46.263
45.288
41.93
39.278
37.737
36.091
34.71
33.493
32.331
31.269
30.345
29.539
28.832
28.272
29.223
31.606
34.548
39.151
42.454
44.057
45.133
45.843
46.174
46.124
45.657
44.757
41.897
39.603
38.557
37.3
35.973
34.835
33.907
33.144
32.478
31.913
31.471
31.234
32.354
34.607
37.629
40.675
42.922
44.556
45.621
46.275
46.598
46.549
46.151
45.401
43.167
41.047
40.445
39.803
39.081
38.319
37.411
36.565
35.796
35.029
34.244
33.572
34.334
36.434
39.595
42.537
44.819
46.196
46.715
46.827
46.825
46.53
45.921
44.709
42.453
40.388
38.629
37.209
36.216
35.428
34.719
34.025
33.318
32.684
32.122
31.665
31.833
32.934
35.194
38.27
41.322
43.59
45.149
46.143
46.702
46.845
46.487
45.703
43.556
42.287
41.199
40.001
38.932
38.032
36.96
35.641
34.525
33.44
32.272
31.266
32.036
33.979
37.493
41.087
44.196
46.251
47.582
48.412
48.762
48.591
47.925
46.534
43.134
41.312
40.277
39.242
38.138
36.953
35.854
34.87
34.039
33.354
32.681
32.118
33.185
35.525
38.907
42.519
45.053
46.658
47.65
48.105
48.127
47.721
46.827
45.355
42.117
39.45
38.075
36.653
35.244
33.91
32.653
31.475
30.406
29.505
28.75
28.192
29.129
30.962
33.505
36.401
39.151
41.071
42.402
43.273
43.735
43.772
43.372
42.576
40.487
38.824
37.792
36.706
35.639
34.454
33.291
32.342
31.663
31.029
30.409
29.875
30.492
32.401
35.105
38.45
41.294
43.037
44.168
44.783
44.913
44.619
43.885
42.71
39.615
36.916
35.718
34.443
33.188
32.047
31.002
30.047
29.173
28.394
27.734
27.24
27.909
30
32.792
36.563
40.262
42.326
43.688
44.473
44.804
44.717
44.21
43.31
40.747
38.689
37.642
36.593
35.535
34.44
33.172
31.939
30.93
30.111
29.482
29.098
29.941
31.798
34.607
38.463
41.88
43.734
45.02
45.925
46.415
46.463
46.077
45.244
42.67
40.65
39.724
38.762
37.757
36.813
35.804
34.733
33.76
33.149
32.699
32.187
33.114
35.305
38.645
42.362
45.151
46.801
47.89
48.588
48.964
48.999
48.648
47.699
44.446
42.232
40.97
38.908
37.348
35.934
34.654
33.637
32.863
32.164
31.562
31.159
31.993
34.032
37.032
40.135
42.311
43.869
45.008
45.712
46.041
45.915
45.234
43.908
41.718
39.266
37.034
34.988
33.212
31.679
30.461
29.565
28.896
28.342
27.889
27.548
28.134
29.89
32.259
35.006
37.675
40.181
42.092
43.116
43.504
43.371
42.646
41.237
39.061
36.712
34.772
33.193
31.995
31.053
30.267
29.592
29.013
28.52
28.073
27.719
28.203
29.769
31.946
34.567
37.286
39.797
41.601
42.749
43.421
43.572
43.219
42.377
40.766
38.903
37.814
36.461
35.008
33.57
32.324
31.316
30.459
29.73
29.097
28.582
28.837
30.161
32.243
34.763
37.332
39.724
41.576
42.768
43.442
43.617
43.346
42.637
41.077
39.271
38.596
37.703
36.53
35.255
34
32.904
31.971
31.179
30.496
29.937
30.298
31.842
34.061
36.661
39.273
41.502
43.064
44.138
44.776
44.901
44.586
43.805
41.668
39.642
38.873
37.944
36.751
35.478
34.241
33.13
32.191
31.385
30.653
30.021
30.557
32.898
35.954
39.048
42.101
44.423
45.978
47.005
47.571
47.658
47.27
46.29
42.523
40.077
38.883
37.672
36.349
34.976
33.787
32.905
32.261
31.75
31.286
30.909
32.679
35.526
39.653
43.94
46.395
47.896
48.845
49.355
49.477
49.223
48.586
47.383
43.23
40.68
39.634
38.659
37.656
36.439
35.508
34.697
33.748
32.928
32.276
31.901
34.422
37.764
41.986
44.866
46.604
47.819
48.591
48.982
49.012
48.672
47.94
46.696
43.294
40.793
39.627
38.668
37.331
35.758
34.594
33.569
32.539
31.585
30.812
30.215
31.198
33.544
36.599
40.744
43.621
45.559
46.991
47.935
48.399
48.395
47.895
46.769
43.191
40.873
39.747
37.358
35.876
33.526
32.171
31.339
30.722
30.253
29.803
29.39
29.858
31.501
33.844
36.824
40.016
42.804
44.5
45.394
45.895
45.974
45.567
44.657
42.62
40.445
38.669
36.424
34.315
32.832
31.851
31.17
30.667
30.273
29.973
29.777
30.343
31.854
34.034
36.717
39.621
42.683
45.744
47.102
47.656
47.718
47.366
46.559
44.092
42.069
41.127
40.196
39.218
38.236
37.356
36.639
35.906
35.239
34.518
33.797
34.627
36.436
38.987
41.841
44.933
47.177
48.674
49.595
50.102
50.157
49.734
48.808
46.041
44.133
43.312
42.158
40.529
38.831
37.479
36.349
35.252
34.337
33.599
33.024
34.064
36.43
39.559
42.94
45.773
47.843
49.221
49.936
50.13
49.779
48.983
47.656
44.974
42.653
41.429
40.168
38.824
37.693
36.659
35.55
34.563
33.87
33.355
32.815
33.874
35.692
38.982
42.236
44.489
46.06
47.16
47.828
48.133
48.04
47.507
46.46
42.792
40.417
39.382
38.388
37.493
36.743
35.277
33.787
32.953
32.178
31.348
30.677
31.385
33.477
36.289
39.166
42.153
45.271
47.189
48.246
48.802
48.833
48.321
47.248
44.725
42.667
41.247
39.438
37.797
36.53
35.525
34.717
34.003
33.449
32.95
32.628
33.698
35.906
39.751
43.331
45.56
47.099
48.045
48.436
48.41
47.908
46.918
45.42
43.154
40.855
39.346
37.974
36.62
35.285
34.091
33.098
32.262
31.554
30.953
30.599
33.181
35.955
40.104
42.759
44.282
45.356
46.051
46.428
46.444
46.129
45.464
44.401
41.663
39.278
38.292
37.386
36.489
35.534
34.625
33.867
33.285
32.848
32.479
32.257
34.172
36.469
40.382
42.903
44.548
45.744
46.536
46.897
46.883
46.54
45.825
44.734
41.765
39.503
38.585
37.687
36.744
35.731
34.679
33.732
33.034
32.391
31.509
30.616
31.42
33.266
35.994
38.95
42.053
44.19
45.33
45.915
46.076
45.867
45.224
44.117
41.438
39.025
37.312
35.674
34.139
32.663
31.391
30.297
29.42
28.763
28.272
27.899
28.201
29.493
31.512
34.102
36.808
39.371
41.637
43.221
43.926
44.019
43.605
42.824
41.181
39.646
38.832
37.956
36.903
35.764
34.753
33.926
33.273
32.722
32.207
31.764
31.982
33.047
34.871
37.171
39.811
42.182
43.85
44.937
45.433
45.45
45.037
44.246
42.041
40.022
39.07
38.123
37.118
36.012
34.84
33.722
32.735
31.961
31.443
31.048
32.025
34.233
37.554
40.985
43.421
45.176
46.357
47.066
47.315
47.128
46.524
45.463
42.151
39.767
38.65
37.576
36.543
35.518
34.624
33.999
33.232
32.294
31.525
30.756
31.329
33.195
36.235
39.492
42.874
45.197
46.407
47.133
47.454
47.349
46.818
45.833
42.669
40.485
39.382
38.18
36.929
35.672
34.506
33.451
32.331
31.582
30.937
30.225
30.999
32.868
35.582
38.504
41.704
44.343
45.81
46.693
47.047
46.907
46.264
45.2
42.411
40.347
39.495
38.619
37.959
36.838
35.718
34.599
33.433
32.426
31.555
30.819
31.192
33.008
35.56
38.482
41.466
43.913
45.394
46.298
46.742
46.701
46.167
45.107
43.017
40.762
38.042
35.108
32.868
31.456
30.596
30.172
29.821
29.484
29.175
28.925
29.398
31.182
33.599
36.657
39.545
41.844
43.553
44.526
44.959
44.912
44.38
43.182
41.045
38.498
35.799
33.319
31.644
30.511
29.758
29.276
28.987
28.773
28.58
28.401
28.823
30.109
31.968
34.215
36.505
38.682
40.522
41.778
42.531
42.827
42.639
41.752
40.195
38.268
36.036
33.666
31.666
30.153
29.186
28.631
28.259
27.975
27.761
27.572
28.016
29.495
31.488
33.921
36.374
38.669
40.551
41.812
42.568
42.828
42.513
41.431
39.677
37.645
35.462
33.306
31.516
30.186
29.221
28.609
28.235
28.004
27.795
27.599
28.076
29.577
31.676
34.134
36.64
38.67
39.707
39.912
39.64
38.929
37.852
36.5
34.889
33.339
31.908
30.545
29.382
28.496
27.882
27.52
27.325
27.166
27.089
27.068
27.805
29.544
31.771
34.173
36.382
38.122
39.292
39.878
39.966
39.472
38.431
36.867
34.901
33.222
31.816
30.528
29.457
28.612
27.99
27.564
27.25
27.003
26.816
26.677
27.152
28.467
30.347
32.492
34.608
36.496
37.992
39.033
39.502
39.506
39.018
38.189
37.245
36.426
35.612
34.471
33.109
31.843
30.828
30.076
29.537
29.116
28.796
28.552
28.813
29.788
31.38
33.478
35.792
37.914
39.476
40.531
41.142
41.245
40.891
40.103
38.81
37.471
36.636
35.56
34.199
32.689
31.34
30.366
29.733
29.267
28.879
28.553
28.728
29.713
31.423
33.538
35.806
37.904
39.468
40.647
41.271
41.405
41.101
40.401
39.194
38.025
37.186
35.944
34.514
32.987
31.65
30.717
30.091
29.639
29.296
29.002
29.213
30.36
32.22
34.581
37.117
39.36
40.765
41.633
42.07
42.033
41.574
40.712
39.451
38.2
37.204
35.992
34.664
33.301
32.021
30.979
30.204
29.656
29.27
29.017
29.253
30.14
31.527
33.303
35.301
37.339
39.176
40.338
40.878
40.865
40.491
39.747
38.555
37.445
36.635
35.72
34.733
33.701
32.798
32.068
31.461
30.938
30.482
30.127
30.225
31.031
32.343
34.085
36.313
38.339
39.429
39.966
40.308
40.32
39.763
38.695
37.522
36.577
35.871
35.246
34.662
34.04
33.156
32.222
31.465
30.924
30.604
30.445
30.75
31.872
33.981
36.604
38.511
40.022
40.964
41.222
41.052
40.607
39.59
38.054
36.482
35.228
34.272
33.608
33.189
32.863
32.533
32.213
31.93
31.722
31.59
31.476
31.849
32.983
34.494
36.409
38.378
39.883
40.845
41.566
41.98
42.005
41.515
40.702
39.539
38.417
37.518
36.841
36.388
35.775
35.038
34.258
33.475
32.706
32.08
31.576
32.097
33.71
36.371
39.094
40.899
42.164
43.24
44
44.415
44.141
43.382
42.163
39.935
38.351
37.228
36.159
35.117
34.058
33.294
32.711
32.174
31.596
31.081
30.719
31.461
32.871
35.395
37.913
40.354
42.415
43.917
44.99
45.591
45.687
45.274
43.9
40.477
38.966
38.102
37.116
36.054
34.941
33.854
32.814
31.918
31.197
30.676
30.323
30.786
32.424
34.701
37.268
40.024
42.295
43.85
44.966
45.592
45.736
45.361
44.354
41.931
40.464
39.407
38.294
37.242
36.186
35.055
33.977
33.027
32.145
31.382
30.737
30.877
32.385
34.824
37.984
41.322
43.751
45.363
46.467
46.957
46.866
46.369
45.163
41.808
39.742
38.596
37.495
36.458
35.442
34.445
33.547
32.843
32.422
31.835
31.024
32.18
34.518
38.564
41.29
43.246
44.762
45.854
46.553
46.847
46.665
45.99
44.712
41.692
39.851
39.065
38.113
37.016
36.022
35.175
34.504
33.864
33.23
32.732
32.316
33.34
35.314
39.219
41.845
43.658
45.077
46.033
46.579
46.779
46.553
45.923
44.846
42.077
40.347
39.41
38.5
37.61
36.729
35.887
35.212
34.538
33.886
33.216
32.54
33.812
36.047
39.742
42.83
44.704
46.05
46.929
47.413
47.664
47.382
46.647
45.392
42.384
40.769
39.877
39.012
38.318
37.66
37.059
36.493
35.847
35.131
34.444
33.747
34.427
36.271
39.079
41.819
43.935
45.441
46.462
47.03
47.22
47.014
46.412
45.319
42.253
40.422
39.37
38.614
37.618
36.141
34.868
33.794
32.922
32.215
31.687
31.257
31.585
33.212
35.681
38.833
42.169
44.648
45.849
46.449
46.713
46.634
46.165
45.261
42.846
41.369
39.962
38.242
36.383
34.957
33.934
33.314
32.838
32.388
31.929
31.46
31.534
32.62
34.615
37.364
40.801
43.963
45.468
46.139
46.394
46.291
45.773
44.855
42.887
41.272
39.935
38.557
37.469
36.698
36.087
35.565
35.142
34.724
34.3
33.892
33.863
34.524
35.711
37.499
39.575
41.657
43.175
43.851
44.218
44.348
44.147
43.488
41.521
40.364
39.655
38.743
37.687
36.526
34.796
33.389
32.213
31.316
30.623
30.113
30.138
31.368
33.66
36.344
38.824
40.595
41.653
42.223
42.363
42.188
41.621
40.579
38.958
37.577
36.491
35.48
34.564
33.741
33.022
32.381
31.923
31.543
31.176
30.749
30.983
32.548
35.157
38.591
41.175
42.979
44.286
45.169
45.727
45.988
45.753
44.976
43.016
41.18
39.17
37.027
35.104
33.483
32.359
31.642
31.128
30.705
30.32
29.972
30.359
31.98
34.54
37.465
39.889
41.754
43.089
43.939
44.374
44.449
44.093
43.2
40.947
39.113
37.371
35.605
33.969
32.486
31.409
30.67
30.212
29.818
29.424
29.02
29.285
30.836
33.075
35.825
38.768
41.06
42.514
43.419
44.073
44.32
44.07
43.282
40.892
39.064
37.698
36.142
34.442
32.747
31.354
30.488
30.028
29.675
29.367
29.001
29.183
30.6
33.034
35.934
38.82
41.315
42.864
43.754
44.152
44.117
43.724
42.901
40.847
39.282
38.074
36.625
34.678
32.609
30.725
29.662
29.208
28.954
28.745
28.551
28.837
30.378
32.68
35.991
39.367
41.435
42.728
43.447
43.804
43.791
43.418
42.63
40.837
39.169
37.48
34.958
32.103
30.01
29.002
28.331
27.719
27.189
26.776
26.448
26.646
28.033
30.403
33.251
36.153
38.829
40.872
42.086
42.685
42.749
42.231
41.025
38.562
36.163
33.873
31.649
29.926
28.65
27.656
26.818
26.125
25.565
25.142
24.787
25.068
26.613
28.993
31.624
34.326
36.729
38.746
40.095
40.708
40.721
40.149
38.898
36.611
34.591
32.772
31.073
29.622
28.453
27.457
26.716
26.21
25.831
25.534
25.277
25.528
26.922
28.957
31.328
33.687
35.809
37.568
38.933
39.782
40.107
39.975
39.334
37.757
36.328
35.221
33.886
32.32
30.837
29.462
28.415
27.672
27.136
26.723
26.371
26.563
28.029
30.322
33.133
36.06
38.629
40.319
41.346
41.909
41.987
41.613
40.81
39.189
37.924
36.797
35.236
33.473
31.827
30.624
29.87
29.379
28.976
28.6
28.185
28.208
29.44
31.589
34.383
37.412
40.036
41.481
42.342
42.749
42.757
42.307
41.408
39.092
37.463
36.216
34.563
32.763
31.119
29.835
28.949
28.285
27.759
27.315
26.944
27.132
28.704
31.446
35.037
38.673
40.884
42.147
42.9
43.198
43.092
42.582
41.686
39.563
38.145
37.2
36.238
35.232
34.13
32.989
31.844
30.772
29.874
29.109
28.468
28.689
30.502
33.948
38.706
41.573
43.013
43.967
44.526
44.714
44.485
43.863
42.762
39.871
38.61
37.987
37.26
36.378
35.34
34.287
33.338
32.498
31.729
30.98
30.269
30.55
32.379
35.734
39.315
41.853
43.391
44.411
44.934
45.045
44.747
44.033
42.808
39.655
38.225
37.364
36.97
36.085
35.042
34.378
33.513
32.408
31.333
30.408
29.575
30.021
32.06
34.944
38.565
41.986
43.585
44.477
44.932
45.022
44.78
44.223
43.176
39.689
37.99
36.484
34.761
33.003
31.417
30.222
29.353
28.548
27.876
27.282
26.789
27.408
29.697
33.525
38.151
40.773
42.304
43.306
43.926
44.2
44.132
43.688
42.683
39.246
37.498
36.186
34.729
33.187
31.722
30.567
29.736
29.111
28.639
28.189
27.71
28.101
30.068
32.847
36.724
40.046
41.821
42.986
43.697
44.019
43.952
43.499
42.673
40.133
38.544
37.379
36.233
35.037
33.689
32.465
31.543
30.902
30.447
30.086
29.759
29.952
31.341
33.58
36.279
39.632
42.141
43.584
44.448
44.83
44.763
44.315
43.109
39.498
38.073
37.247
36.535
35.617
34.602
33.847
32.783
31.716
30.657
29.653
28.785
29.049
31.216
34.278
38.023
41.5
44.064
45.362
45.973
46.156
45.96
45.378
44.134
40.59
39.174
37.889
36.254
34.656
33.411
32.509
31.84
31.275
30.683
30.1
29.513
29.822
31.807
34.588
38.179
41.987
44.173
45.132
45.671
45.929
45.851
45.396
44.258
41.035
39.312
37.888
36.253
34.578
33.075
31.808
30.844
30.103
29.498
28.944
28.48
28.711
30.426
33.06
35.87
38.768
41.507
43.486
44.504
44.883
44.711
44.015
42.611
39.713
37.849
35.97
34.133
32.499
31.215
30.215
29.448
28.836
28.328
27.943
27.638
27.824
29.34
31.509
34.065
36.794
39.185
40.728
41.534
41.896
41.862
41.335
40.234
37.798
36.314
34.728
33.036
31.569
30.435
29.527
28.848
28.37
28.025
27.774
27.575
27.747
28.905
30.634
32.809
35.243
38.17
40.403
41.741
42.624
42.969
42.689
41.67
38.665
37.263
35.948
34.741
33.695
32.582
31.468
30.607
29.971
29.468
29.09
28.74
29.064
30.729
33.276
36.528
39.972
42.4
43.964
44.815
45.179
45.124
44.68
43.638
40.52
39.042
37.833
36.556
35.19
33.73
32.515
31.598
30.767
30.099
29.666
29.306
29.491
31.242
33.686
36.544
39.422
41.835
43.396
44.412
45.005
45.106
44.717
43.558
40.212
38.811
38.002
37.069
35.77
34.154
32.5
31.114
30.081
29.386
28.965
28.598
28.653
30.539
33.262
36.521
39.959
42.287
43.508
44.145
44.542
44.526
44.163
43.074
40.076
38.775
37.849
36.842
35.684
34.588
33.713
33.148
32.732
32.371
32.004
31.548
31.821
33.519
36.815
40.481
43.258
45.046
46.294
47.014
47.354
47.199
46.603
44.993
41.583
40.23
39.062
37.688
36.428
35.344
34.109
32.837
31.964
31.217
30.568
30
30.045
31.615
34.135
37.012
39.854
42.414
44.444
45.553
45.986
45.88
45.25
43.893
40.87
38.722
36.636
34.677
33.279
32.31
31.59
31.044
30.61
30.174
29.679
29.163
29.182
30.605
33.025
36.379
40.136
42.477
43.627
44.084
44.076
43.783
43.172
41.983
38.964
37.29
35.437
33.288
31.519
30.43
29.754
29.219
28.775
28.433
28.157
27.853
27.834
29.181
31.414
34.551
37.56
39.932
41.463
42.347
42.703
42.558
41.845
40.393
37.951
36.167
34.536
32.947
31.536
30.345
29.314
28.459
27.797
27.274
26.836
26.465
26.479
27.948
30.182
32.899
35.652
38.31
40.31
41.46
41.99
41.941
41.283
39.915
37.644
36.058
34.604
33.172
31.76
30.509
29.497
28.754
28.267
27.909
27.598
27.303
27.29
28.307
30.151
32.749
35.49
37.632
39.365
40.506
41.154
41.377
41.12
40.262
37.9
36.371
35.002
33.373
31.672
30.1
28.889
28.068
27.499
27.099
26.823
26.595
26.674
27.902
29.884
32.356
34.801
36.938
38.379
39.154
39.377
39.112
38.554
37.524
35.455
34.239
33.156
31.95
30.702
29.552
28.6
27.848
27.243
26.753
26.313
25.879
25.802
27.134
29.263
31.669
34.164
36.472
38.378
39.566
39.992
39.705
38.708
36.877
34.523
32.705
31.278
30.137
29.204
28.404
27.717
27.084
26.54
26.114
25.838
25.656
25.714
26.869
28.906
31.211
33.412
35.28
36.786
37.785
38.221
38.039
37.247
35.943
34.357
33.136
32.021
30.94
29.965
29.185
28.504
27.91
27.401
26.94
26.523
26.105
25.935
27.025
29.062
31.355
33.579
35.625
37.4
38.853
39.662
39.859
39.424
38.367
36.607
35.617
34.736
33.791
32.803
31.83
30.9
30.07
29.358
28.75
28.235
27.763
27.635
28.696
30.735
33.815
36.443
38.492
40.021
40.855
41.209
41.114
40.566
39.475
37.014
35.73
34.495
33.03
31.515
30.17
29.087
28.256
27.577
26.955
26.384
25.852
25.625
26.939
29.122
32.125
35.616
37.751
39.183
40.058
40.447
40.29
39.557
38.161
35.428
34.086
32.623
31.097
29.735
28.588
27.65
26.865
26.206
25.653
25.191
24.754
24.629
25.997
28.26
30.935
33.578
36.034
37.868
38.971
39.535
39.645
39.302
38.431
36.085
34.813
33.853
32.839
31.786
30.723
29.673
28.661
27.711
26.923
26.256
25.674
25.51
27.258
30.113
33.777
36.776
38.631
39.934
40.78
41.159
41.107
40.586
39.484
36.888
35.798
34.757
33.436
32.071
30.903
29.892
29.053
28.369
27.8
27.302
26.86
26.74
28.109
30.484
33.462
36.503
38.613
39.967
40.828
41.254
41.262
40.817
39.85
37.66
36.763
35.917
34.673
33.27
31.966
30.892
30.107
29.477
28.929
28.308
27.69
27.56
28.858
31.147
34.04
36.889
38.85
40.261
41.202
41.668
41.658
41.161
40.101
37.985
37.024
36.373
35.813
34.939
33.632
32.12
30.567
29.351
28.495
27.933
27.546
27.524
29.068
31.542
33.887
35.779
37.117
37.898
38.115
37.682
36.721
35.399
33.96
32.827
32.306
31.749
30.778
29.482
28.234
27.36
26.851
26.531
26.314
26.181
26.102
26.223
27.386
29.228
31.32
33.341
35.049
36.322
37.101
37.38
37.142
36.336
34.914
33.277
31.979
30.759
29.625
28.61
27.769
27.093
26.561
26.169
25.896
25.723
25.568
25.624
26.813
28.806
31.225
33.407
35.198
36.555
37.434
37.823
37.674
37.066
35.978
34.655
33.79
32.864
31.772
30.693
29.743
29.056
28.572
28.152
27.774
27.407
27.056
26.929
28.051
30.279
32.564
34.459
35.891
36.677
37.021
37.387
37.467
37.079
36.117
34.436
33.455
32.664
31.743
30.741
29.783
28.968
28.356
27.906
27.536
27.187
26.872
26.814
28.133
30.664
34.118
36.516
38.247
39.528
40.352
40.735
40.691
40.17
39.139
37.473
36.465
35.322
33.939
32.565
31.523
30.844
30.405
30.023
29.534
28.988
28.48
28.328
29.628
31.823
34.754
37.095
38.683
39.804
40.563
40.886
40.772
40.161
38.976
37.108
35.958
34.674
33.29
32.039
30.996
30.115
29.36
28.735
28.169
27.66
27.193
26.903
27.813
29.797
32.391
35.324
37.518
38.947
39.851
40.285
40.271
39.783
38.749
36.467
35.549
34.822
34.065
33.168
32.096
31.022
30.053
29.228
28.547
27.963
27.472
27.192
28.195
30.183
32.843
35.776
37.761
39.098
39.941
40.362
40.332
39.827
38.829
36.65
35.597
34.896
34.175
33.347
32.39
31.342
30.349
29.47
28.65
27.94
27.361
26.985
27.766
29.633
32.127
35.106
37.595
39.064
39.965
40.387
40.382
39.882
38.838
36.634
35.712
34.885
33.961
32.958
31.831
30.79
29.925
29.168
28.533
28.022
27.553
27.248
27.889
29.565
31.983
34.748
37.491
39.445
40.56
41.062
41.014
40.429
38.978
36.106
35.215
34.43
33.409
32.187
30.941
29.839
28.935
28.194
27.59
27.052
26.591
26.298
27.161
29.093
31.624
34.676
37.115
38.599
39.532
39.954
39.864
39.272
37.974
35.407
34.49
33.587
32.445
31.044
29.68
28.53
27.648
26.935
26.33
25.814
25.391
25.162
26.041
27.857
30.192
32.861
35.581
37.622
38.715
39.162
39.059
38.437
37.201
34.953
34.095
33.045
31.599
30.02
28.673
27.695
26.929
26.28
25.751
25.404
25.152
25.075
25.918
27.632
29.822
32.083
34.161
35.944
37.135
37.63
37.574
36.969
35.808
34.185
33.271
31.995
30.485
29.077
27.965
27.124
26.399
25.789
25.312
24.943
24.684
24.574
25.412
26.858
28.627
30.631
32.531
34.065
35.162
35.691
35.669
35.121
34.037
32.16
31.385
30.596
29.597
28.554
27.62
26.892
26.335
25.879
25.505
25.167
24.873
24.77
26.121
28.08
30.22
32.191
33.739
34.894
35.689
36.086
36.067
35.618
34.72
33.394
32.789
32.338
31.799
31.022
29.96
28.858
27.882
27.108
26.525
26.034
25.591
25.379
26.735
29.19
31.778
33.891
35.391
36.544
37.303
37.724
37.734
37.261
36.102
33.666
32.721
31.82
30.845
29.809
28.815
27.879
26.986
26.207
25.554
25.018
24.556
24.377
25.838
28.553
32.379
35.196
36.763
37.874
38.623
38.951
38.843
38.306
37.071
34.822
33.918
33.117
32.307
31.398
30.411
29.236
28.14
27.164
26.317
25.647
25.077
24.738
26.012
28.581
31.758
34.247
35.888
37.042
37.769
38.107
38.036
37.472
36.27
34.075
33.337
32.758
32.172
31.54
30.82
30.04
29.215
28.303
27.536
26.813
26.158
25.815
27.169
29.584
32.487
35.047
36.623
37.661
38.263
38.424
38.195
37.567
36.331
34.217
33.462
32.778
31.79
30.646
29.381
28.333
27.602
27.059
26.549
26.044
25.562
25.203
26.05
28.113
30.874
33.216
34.888
36.101
36.902
37.303
37.25
36.615
35.188
33.051
31.573
29.98
28.492
27.335
26.427
25.631
24.943
24.351
23.798
23.309
22.878
22.8
24.539
27.237
30.75
33.522
35.364
36.586
37.279
37.482
37.199
36.371
34.391
31.821
30.846
29.888
28.967
28.11
27.272
26.425
25.593
24.917
24.423
24.064
23.718
23.622
25.276
28.032
31.056
33.551
35.416
36.661
37.37
37.609
37.362
36.603
34.825
32.111
31.208
30.205
29.077
27.9
26.851
25.95
25.223
24.674
24.297
23.986
23.692
23.622
25.514
28.562
32.889
35.156
36.575
37.527
38.095
38.296
38.11
37.501
35.295
32.59
31.42
30.199
28.963
27.605
26.435
25.496
24.759
24.156
23.643
23.148
22.652
22.455
24.369
27.121
30.293
33.48
35.269
36.31
36.912
37.158
36.993
36.321
33.567
30.578
29.441
28.435
27.463
26.45
25.444
24.55
23.761
23.108
22.546
22.092
21.696
21.629
23.88
26.794
30.942
34.573
36.268
37.126
37.508
37.283
36.802
36.203
33.215
30.283
29.08
28.067
27.028
25.885
24.805
23.862
23.106
22.511
22.003
21.538
21.17
21.109
23.902
26.859
30.973
34.542
36.193
37.177
37.698
37.837
37.565
36.795
33.764
30.815
29.654
28.59
27.462
26.271
25.2
24.31
23.582
22.965
22.417
21.957
21.579
21.493
24.318
27.617
32.007
34.594
36.103
37.181
37.827
38.027
37.774
37.027
34.269
31.573
30.467
29.278
27.919
26.747
25.653
24.685
23.854
23.17
22.649
22.245
21.949
21.949
24.481
27.863
31.228
33.679
35.38
36.548
37.254
37.526
37.354
36.707
34.365
31.887
30.754
29.45
28.072
26.815
25.734
24.786
23.96
23.255
22.645
22.144
21.743
21.635
23.84
27.256
30.942
33.365
34.923
35.94
36.489
36.652
36.442
35.805
33.978
31.609
30.384
29.274
28.205
27.16
26.136
25.171
24.324
23.72
23.311
23.001
22.653
22.345
23.805
26.553
31.019
34.194
35.809
36.818
37.42
37.646
37.52
36.977
34.922
32.341
31.091
30.151
29.587
29.05
28.245
27.192
26.018
25.046
24.228
23.576
23.031
22.739
24.952
27.794
32.173
35.3
36.666
37.497
37.975
38.121
37.933
37.309
35.18
32.697
31.406
30.394
29.453
28.309
27.12
26.063
25.211
24.51
23.955
23.448
23.001
22.803
25.166
28.222
33.21
36.054
37.312
38.092
38.511
38.607
38.359
37.7
35.552
33.02
31.673
30.389
29.155
27.885
26.645
25.661
24.873
24.214
23.712
23.286
22.924
22.73
24.427
27.373
32.277
35.129
36.703
37.655
38.13
38.229
37.942
37.237
35.241
33.034
31.883
30.768
29.505
28.134
26.753
25.508
24.58
23.88
23.305
22.811
22.386
22.177
23.951
26.857
31.242
34.252
35.844
36.826
37.392
37.54
37.245
36.497
34.104
31.628
30.482
29.296
28.05
26.893
25.86
24.981
24.22
23.559
23
22.529
22.13
21.953
24.195
27.255
31.262
33.916
35.581
36.695
37.348
37.561
37.345
36.61
34.158
31.854
30.849
29.769
28.521
27.181
26.112
25.283
24.577
23.986
23.484
23.043
22.69
22.556
25.009
28.407
32.649
34.86
36.306
37.279
37.78
37.833
37.463
36.556
34.423
32.169
31.172
30.133
29.043
27.849
26.732
25.82
25.093
24.54
24.115
23.788
23.562
23.534
25.473
28.838
31.75
34.042
35.791
36.999
37.556
37.64
37.23
36.241
34.392
32.454
31.363
30.314
29.374
28.607
27.962
27.424
26.977
26.602
26.277
25.978
25.702
25.534
27.042
29.583
31.688
33.374
34.635
35.44
35.761
35.646
35.021
33.753
31.424
29.255
28.021
27.242
26.628
26.041
25.486
24.99
24.493
24.009
23.569
23.212
22.915
22.691
23.852
25.625
27.518
29.625
31.442
32.668
33.442
33.826
33.748
33.177
31.071
29.068
28.242
27.558
26.88
26.199
25.59
24.981
24.479
23.922
23.42
22.974
22.604
22.351
23.892
26.85
29.725
31.835
33.469
34.661
35.433
35.848
35.742
35.033
32.302
30.269
29.338
28.564
27.893
27.272
26.564
25.834
25.15
24.516
23.871
23.162
22.363
21.737
23.653
26.484
30.086
32.429
33.943
34.902
35.449
35.63
35.472
34.872
32.872
30.689
29.64
28.748
27.838
27.011
26.097
25.401
24.894
24.43
23.967
23.563
23.216
23.007
24.589
27.187
29.759
31.678
33.101
34.102
34.639
34.798
34.619
34.042
32.56
30.824
29.866
29.066
28.313
27.504
26.638
25.767
25.024
24.432
23.955
23.545
23.205
22.992
24.472
27.087
29.664
31.868
33.429
34.508
35.159
35.435
35.289
34.646
32.419
30.403
29.593
28.868
28.35
27.648
27.033
25.958
25.274
24.482
23.724
23.129
22.679
22.409
23.845
26.58
29.297
31.321
32.746
33.683
34.318
34.641
34.523
33.913
31.838
30.028
29.123
28.247
27.365
26.573
25.644
24.918
24.312
23.622
23.137
22.745
22.397
22.184
23.498
26.133
28.729
30.911
32.457
33.392
33.904
33.997
33.708
33.052
31.519
30.004
29.134
28.328
27.553
26.736
25.841
24.995
24.227
23.552
23.016
22.607
22.312
22.148
23.399
25.973
28.477
30.597
32.115
32.994
33.258
33.344
32.919
32.319
30.88
29.291
28.483
27.748
26.839
25.906
25.028
24.242
23.613
23.188
22.748
22.321
22.228
22.221
22.874
25.038
27.361
29.452
31.023
32.048
32.583
32.812
32.607
31.925
30.132
28.294
27.564
26.756
25.615
24.462
23.548
22.8
22.196
21.765
21.452
21.126
20.805
20.552
21.52
23.754
25.637
27.457
29.079
30.286
30.914
31.153
30.986
30.402
28.921
27.683
26.866
26.183
25.583
24.85
23.834
22.894
22.125
21.456
20.924
20.497
20.157
19.93
21.334
23.837
25.655
27.002
28.054
28.958
29.538
29.762
29.568
28.93
27.577
26.307
25.786
25.322
24.72
24.079
23.569
23.243
22.989
22.637
22.229
21.834
21.433
21.008
22.016
24.652
26.97
28.405
29.36
29.949
30.208
30.198
29.87
29.216
27.754
26.3
25.559
25.072
24.33
23.605
23.181
22.588
22.026
21.571
21.102
20.716
20.419
20.199
21.163
23.7
26.316
27.848
28.81
29.32
29.544
29.579
29.329
28.725
27.118
25.687
25.001
24.371
23.759
23.331
22.989
22.323
21.713
21.05
20.685
20.305
20.07
19.719
21.204
23.793
26.079
27.619
28.674
29.406
29.818
29.89
29.594
28.873
26.952
25.414
24.691
24.008
23.32
22.627
22.123
21.754
21.298
20.722
20.188
19.612
19.034
18.543
20.199
23.212
26.626
28.159
29.132
29.854
30.245
30.277
29.93
29.118
26.325
24.29
23.327
22.508
21.748
21.043
20.46
20.023
19.678
19.32
18.92
18.545
18.187
17.728
19.07
21.776
25.775
27.927
28.93
29.573
29.919
29.917
29.608
28.925
26.953
25.556
24.687
23.882
23.28
22.596
21.606
20.721
20.2
20.012
19.841
19.785
19.72
19.507
20.403
21.967
25.217
27.159
28.505
29.427
29.986
30.246
30.073
29.384
26.95
25.257
24.432
23.698
22.946
22.275
21.652
21.017
20.424
20.002
19.653
19.358
19.076
18.84
20.309
23.354
25.908
27.857
29.397
30.495
31.137
31.354
31.106
30.298
27.926
26.091
25.263
24.361
23.493
22.7
22.018
21.436
20.959
20.525
20.083
19.696
19.41
19.178
20.861
23.657
26.256
28.312
29.759
30.812
31.453
31.707
31.5
30.818
28.557
26.754
25.933
25.134
24.233
23.301
22.481
21.79
21.191
20.658
20.208
19.831
19.536
19.324
20.811
23.459
26.115
28.411
29.91
30.87
31.4
31.519
31.181
30.332
28.593
27.543
26.864
26.159
25.55
24.938
24.194
23.538
23.052
22.665
22.233
21.843
21.553
21.321
22.456
24.485
26.4
27.823
28.868
29.504
29.528
28.705
26.965
25.052
23.476
22.508
21.787
20.968
20.288
19.9
19.708
19.614
19.609
19.499
19.317
19.004
18.529
17.94
18.594
20.951
23.472
25.082
26.338
27.263
27.779
27.897
27.521
26.45
22.881
20.931
20.027
19.236
18.499
17.851
17.315
16.908
16.567
16.382
16.633
16.249
16.069
16.641
18.262
20.624
23.946
26.188
27.429
28.237
28.775
28.989
28.787
28.076
25.843
24.409
23.618
23.039
22.515
22.093
21.702
20.927
20.128
19.377
19.05
18.845
18.668
18.582
19.943
22.466
24.685
26.323
27.577
28.488
29.114
29.38
29.184
28.493
26.696
25.439
25.124
24.555
23.711
22.828
21.817
21.11
20.439
19.902
19.484
18.978
18.57
18.431
19.925
22.419
25.019
26.901
28.224
29.172
29.753
29.961
29.748
29.044
27.21
26.05
25.27
24.403
23.388
22.387
21.659
21.214
20.939
20.695
20.142
19.598
19.187
18.885
20.055
22.731
25.028
26.784
28.216
29.392
30.198
30.415
30.14
29.469
27.223
25.788
24.938
24.161
23.418
22.581
21.736
20.926
20.101
19.389
18.733
18.157
17.683
17.278
18.638
21.432
24.884
26.909
28.333
29.33
29.931
30.209
30.101
29.492
27.361
25.939
25.004
23.817
22.553
21.527
20.284
19.563
18.912
18.287
17.776
17.353
16.979
16.678
18.258
21.047
24.559
26.654
28.097
29.048
29.583
29.784
29.598
28.917
26.51
24.807
23.728
22.673
21.804
20.886
19.795
18.82
18.083
17.553
17.144
16.814
16.535
16.272
18.048
20.783
24.471
26.861
28.325
29.243
29.771
29.925
29.623
28.733
25.604
23.885
23.034
22.387
21.738
20.843
20.161
19.207
18.248
17.542
16.866
16.337
15.9
15.546
17.183
19.801
23.269
25.612
27.31
28.345
29.009
29.327
29.228
28.593
26.284
24.806
23.736
22.752
21.871
21.164
20.266
19.079
18.347
17.831
17.329
16.776
16.35
16.097
17.618
20.493
23.386
25.422
27.027
28.108
28.715
28.955
28.811
28.165
25.526
23.821
22.872
22.005
21.13
20.286
19.501
18.847
18.165
17.496
16.954
16.525
16.177
15.889
17.532
20.429
23.48
25.6
27.056
28.024
28.598
28.802
28.598
27.883
25.205
23.491
22.553
21.603
20.641
19.69
18.859
18.108
17.499
17.017
16.634
16.321
16.033
15.77
17.381
20.051
23.325
25.409
26.88
27.787
28.384
28.63
28.463
27.824
25.696
24.302
23.341
22.448
21.668
20.97
20.017
18.874
18.054
17.483
17.076
16.73
16.436
16.194
17.886
20.709
24.05
26.268
27.849
28.826
29.405
29.644
29.503
28.904
26.729
25.23
24.137
23.214
22.344
21.336
20.3
19.348
18.441
17.807
17.312
16.948
16.677
16.461
18.187
21.071
24.379
26.632
28.101
28.923
29.41
29.602
29.41
28.761
26.68
25.299
24.344
23.453
22.612
21.782
20.782
19.623
18.66
17.845
17.196
16.809
16.542
16.342
18.191
21.165
24.963
27.31
28.733
29.635
30.148
30.297
30.071
29.434
27.328
25.895
24.943
24.188
23.334
22.738
22.061
21.499
21.01
20.576
20.149
19.872
19.673
19.524
20.677
23.336
25.997
27.926
29.389
30.368
30.931
31.094
30.754
29.862
28.087
27.121
26.412
25.666
25.026
24.458
23.867
23.309
22.895
22.656
22.521
22.449
22.347
22.218
22.715
23.946
25.068
26.106
27.047
27.663
28.122
28.337
28.163
27.678
26.467
25.673
25.171
24.596
23.973
23.26
22.565
21.931
21.429
21.015
20.635
20.296
20.004
19.71
20.41
22.448
24.487
26.2
27.617
28.671
29.342
29.619
29.51
28.845
26.482
25.423
24.752
23.965
23.047
22.125
21.311
20.631
20.083
19.648
19.254
18.86
18.508
18.234
19.457
21.947
24.97
27.214
28.893
30.011
30.676
30.903
30.675
29.821
26.752
25.239
24.323
23.442
22.549
21.668
20.835
20.14
19.609
19.168
18.77
18.468
18.265
18.105
19.495
21.859
24.413
26.797
28.599
29.853
30.569
30.787
30.452
29.548
27.079
25.67
25.051
24.463
23.926
23.45
22.984
22.473
21.951
21.43
20.923
20.451
20.039
19.677
21.038
23.3
26.836
28.642
29.776
30.5
30.851
30.763
30.178
28.986
26.074
24.357
23.458
22.59
21.658
20.73
19.89
19.126
18.438
17.852
17.332
16.928
16.623
16.374
18.032
21
24.214
26.074
27.405
28.36
28.997
29.355
29.291
28.545
26.277
25.16
24.349
23.486
22.803
22.331
21.902
21.058
19.961
19.031
18.359
18.002
17.859
17.789
19.53
22.031
24.726
26.929
28.403
29.401
30.086
30.438
30.391
29.839
27.868
26.764
26.047
25.164
24.241
23.47
22.741
21.854
20.84
19.927
19.074
18.481
18.03
17.752
19.061
21.313
24.303
26.709
28.414
29.485
30.039
30.209
29.99
29.32
26.968
25.322
24.354
23.611
22.844
22
21.167
20.45
19.911
19.48
19.139
18.895
18.716
18.584
19.775
22.312
24.763
26.66
28.07
29.018
29.496
29.592
29.222
28.388
26.681
25.372
24.415
23.342
22.297
21.38
20.602
19.936
19.332
18.775
18.355
18.088
17.961
17.9
19.11
22.01
24.55
26.166
27.455
28.476
28.944
29.141
28.882
28.018
26.473
25.218
24.156
23.084
22.115
21.261
20.482
19.798
19.182
18.694
18.322
18.052
17.845
17.681
18.581
20.924
23.46
25.251
26.724
27.817
28.521
28.889
28.85
28.344
26.469
25.262
24.474
23.675
22.892
22.038
21.206
20.381
19.723
19.226
18.897
18.599
18.328
18.129
19.182
21.753
24.801
26.769
28.312
29.398
29.996
30.181
29.916
29.092
26.968
25.765
25.114
24.421
23.627
22.705
21.809
21.1
20.57
20.113
19.726
19.35
18.992
18.623
19.533
21.972
24.633
26.342
27.572
28.372
28.714
28.641
28.092
26.936
24.038
22.412
21.425
20.491
19.627
18.929
18.382
17.909
17.467
17.052
16.62
16.239
15.919
15.665
17.21
20.077
23.396
24.964
25.978
26.644
26.985
27.081
26.873
26.315
24.581
23.015
21.938
21.147
20.482
19.663
19.037
18.368
17.774
17.294
16.884
16.519
16.197
15.881
17.154
20.052
22.71
24.239
25.346
26.062
26.454
26.586
26.46
25.906
24.136
22.866
21.923
20.938
20.076
19.714
18.588
17.48
16.773
15.906
15.242
14.768
14.392
14.104
15.772
18.502
22.297
24.297
25.385
26.185
26.686
26.826
26.546
25.723
22.704
21.122
20.317
19.538
18.777
18.03
17.421
16.953
16.349
15.674
15.073
14.585
14.174
13.814
15.393
18.188
21.961
24.029
25.061
25.797
26.29
26.463
26.249
25.565
23.404
21.843
20.816
19.961
19.222
18.577
18.087
17.297
16.17
15.21
14.49
13.968
13.585
13.283
15.077
18.049
21.506
23.605
24.947
25.865
26.462
26.716
26.561
25.846
23.544
22.235
21.18
20.075
18.882
17.594
16.385
15.401
14.704
14.199
13.815
13.512
13.271
13.073
14.998
18.078
21.637
23.674
25.003
25.929
26.465
26.608
26.374
25.582
23.107
21.742
20.747
19.83
18.935
18.045
17.143
16.21
15.444
14.909
14.488
14.103
13.81
13.619
15.459
18.267
21.806
23.847
25.166
26.045
26.615
26.984
26.952
26.413
24.292
23.085
22.412
21.891
21.226
20.434
19.459
18.745
18.296
17.953
17.813
17.701
17.626
17.54
18.37
20.496
22.487
23.727
24.502
24.949
24.787
24.3
23.812
22.955
21.999
21.305
20.848
20.499
20.172
19.835
19.515
19.219
18.995
18.806
18.652
18.475
18.277
18.032
18.726
20.639
22.651
24.142
25.269
26.021
26.406
26.616
26.578
26.195
24.77
23.542
22.728
21.792
20.98
20.287
19.514
18.726
18.052
17.512
17.1
16.883
16.811
16.684
17.972
20.534
22.988
25.147
26.648
27.666
28.313
28.59
28.444
27.749
24.969
23.371
22.432
21.485
20.546
19.665
18.894
18.215
17.554
16.96
16.571
16.348
16.211
16.051
17.201
19.672
23.055
25.748
26.996
27.826
28.269
28.304
27.868
26.74
23.022
21.329
20.467
19.702
18.997
18.282
17.587